date,T2M,T2M_MAX,T2M_MIN,PRECTOTCORR,ALLSKY_SFC_SW_DWN
2004-10-01,18.34,25.83,11.35,0.0,19.52
2004-10-02,14.44,22.61,7.93,0.0,18.64
2004-10-03,12.78,19.7,6.95,0.01,18.42
2004-10-04,11.8,18.41,7.15,0.0,15.94
2004-10-05,12.25,18.63,7.96,0.07,17.56
2004-10-06,11.22,17.73,4.6,2.11,12.58
2004-10-07,11.79,15.6,9.39,7.54,9.46
2004-10-08,11.11,14.4,8.92,8.87,10.75
2004-10-09,11.58,16.64,7.98,0.08,13.52
2004-10-10,13.86,19.99,8.44,0.0,17.55
2004-10-11,15.17,22.42,9.17,0.0,18.08
2004-10-12,14.66,22.44,9.45,0.01,16.39
2004-10-13,10.55,16.43,6.42,0.32,8.57
2004-10-14,12.24,20.55,3.92,0.01,16.14
2004-10-15,14.66,22.1,9.59,0.0,15.08
2004-10-16,15.36,21.49,9.39,0.0,14.94
2004-10-17,16.6,23.73,11.1,0.0,14.4
2004-10-18,17.1,24.71,11.15,0.0,15.97
2004-10-19,15.71,23.22,10.27,0.0,15.89
2004-10-20,14.76,21.6,9.75,0.01,11.27
2004-10-21,12.46,18.02,8.92,0.01,15.69
2004-10-22,13.3,20.02,9.3,0.0,15.79
2004-10-23,13.22,20.06,7.75,0.0,15.71
2004-10-24,14.18,21.09,8.16,0.0,15.02
2004-10-25,13.85,21.69,8.6,0.0,15.18
2004-10-26,14.77,21.96,9.33,0.0,14.76
2004-10-27,15.97,23.5,10.97,0.0,12.47
2004-10-28,15.37,21.8,10.23,0.0,12.67
2004-10-29,15.02,20.83,10.28,0.02,12.1
2004-10-30,14.13,20.47,8.29,0.0,12.74
2004-10-31,14.11,20.24,9.77,0.0,13.85
2004-11-01,14.09,20.36,10.03,0.0,14.24
2004-11-02,13.99,21.14,8.64,0.0,13.75
2004-11-03,10.99,17.92,7.12,0.0,13.64
2004-11-04,8.6,14.82,2.72,0.0,9.89
2004-11-05,5.86,14.47,-1.11,0.0,14.48
2004-11-06,10.3,16.7,5.22,0.04,11.69
2004-11-07,11.06,15.61,7.05,1.02,8.94
2004-11-08,10.85,15.38,7.49,0.24,9.41
2004-11-09,10.5,15.56,6.8,0.33,9.7
2004-11-10,10.12,14.31,6.61,0.21,8.09
2004-11-11,11.7,16.26,8.44,0.0,8.59
2004-11-12,12.17,17.42,7.72,0.0,11.21
2004-11-13,12.54,18.21,8.24,0.0,11.7
2004-11-14,11.84,19.55,6.38,3.52,9.44
2004-11-15,10.98,14.96,7.98,4.84,2.96
2004-11-16,9.24,13.58,6.4,2.76,7.63
2004-11-17,4.17,6.7,0.22,1.02,4.89
2004-11-18,2.0,7.82,-1.63,0.0,11.92
2004-11-19,4.26,12.63,-0.85,0.0,12.39
2004-11-20,7.6,11.88,3.3,9.72,3.64
2004-11-21,-1.13,5.67,-4.06,6.18,4.28
2004-11-22,-4.2,-2.49,-5.89,0.12,3.83
2004-11-23,-3.41,0.42,-5.54,0.01,8.67
2004-11-24,-0.53,4.99,-4.65,0.75,10.57
2004-11-25,-2.39,1.33,-5.18,7.52,2.16
2004-11-26,-5.27,-2.26,-8.24,0.2,5.5
2004-11-27,-5.47,-0.69,-8.78,0.0,10.82
2004-11-28,-1.52,4.97,-6.35,0.0,11.07
2004-11-29,0.72,6.4,-3.05,0.0,8.88
2004-11-30,1.51,6.99,-1.09,0.05,7.74
2004-12-01,2.92,7.86,0.1,0.31,7.6
2004-12-02,3.5,9.25,-0.25,0.0,9.04
2004-12-03,5.61,12.76,0.43,0.0,9.38
2004-12-04,6.23,14.45,1.13,0.0,8.21
2004-12-05,4.36,7.56,2.35,1.36,3.26
2004-12-06,2.93,7.46,-0.21,0.03,7.61
2004-12-07,1.29,6.81,-2.35,1.78,2.8
2004-12-08,-1.61,3.59,-4.49,0.05,9.02
2004-12-09,-0.42,6.73,-5.03,0.0,10.26
2004-12-10,-0.92,3.73,-3.32,0.01,7.85
2004-12-11,-1.82,2.18,-4.31,0.03,5.57
2004-12-12,-1.93,2.77,-4.28,0.0,10.3
2004-12-13,-0.17,5.03,-3.26,0.0,10.63
2004-12-14,-1.41,2.06,-4.88,0.0,5.35
2004-12-15,-5.22,-2.11,-7.36,0.0,10.39
2004-12-16,-6.82,-1.68,-10.63,0.0,10.74
2004-12-17,-4.0,3.95,-10.83,0.0,10.49
2004-12-18,-1.53,3.73,-6.88,0.3,7.66
2004-12-19,0.9,4.89,-1.32,0.45,8.67
2004-12-20,1.59,6.01,-0.83,0.19,4.74
2004-12-21,2.32,6.93,-0.02,0.32,5.37
2004-12-22,1.97,6.04,0.08,2.84,4.45
2004-12-23,0.22,4.48,-2.41,0.43,5.4
2004-12-24,-1.33,2.97,-4.39,0.07,7.77
2004-12-25,-2.21,3.07,-5.22,0.0,9.68
2004-12-26,-0.35,6.5,-4.14,0.0,9.69
2004-12-27,2.91,8.13,0.22,0.0,4.21
2004-12-28,4.3,11.76,0.9,0.03,6.82
2004-12-29,3.53,6.54,1.0,0.14,4.27
2004-12-30,4.55,9.85,1.27,0.0,8.75
2004-12-31,4.34,12.45,-0.14,0.0,8.52
2005-01-01,3.24,9.71,-0.65,0.28,8.96
2005-01-02,0.48,4.82,-2.95,0.52,4.53
2005-01-03,-1.43,3.1,-3.66,0.02,7.24
2005-01-04,-1.71,2.72,-4.47,0.35,6.09
2005-01-05,-2.4,1.3,-5.33,0.06,7.12
2005-01-06,0.02,4.3,-2.68,0.0,8.38
2005-01-07,0.53,5.31,-2.15,0.1,7.91
2005-01-08,-0.79,4.6,-4.04,0.02,6.58
2005-01-09,-0.23,5.5,-3.89,0.0,11.07
2005-01-10,0.89,7.36,-2.35,0.0,11.08
2005-01-11,0.27,6.73,-2.88,0.02,11.13
2005-01-12,3.11,9.81,-0.7,0.0,11.27
2005-01-13,4.37,11.09,0.39,0.0,10.94
2005-01-14,1.92,5.92,-0.13,1.41,9.01
2005-01-15,2.4,6.25,0.03,6.9,7.3
2005-01-16,0.55,3.86,-1.34,12.55,3.6
2005-01-17,0.09,4.65,-2.74,5.41,4.35
2005-01-18,0.39,4.49,-1.96,0.01,7.95
2005-01-19,0.43,5.14,-2.86,0.08,8.81
2005-01-20,0.78,5.91,-2.55,0.21,10.19
2005-01-21,1.58,5.27,-0.49,2.08,5.2
2005-01-22,1.68,5.67,-0.53,1.26,8.63
2005-01-23,-2.14,0.41,-6.52,6.39,3.27
2005-01-24,-4.65,-0.02,-7.38,0.0,9.82
2005-01-25,-0.12,3.57,-5.02,0.32,3.67
2005-01-26,2.61,6.43,0.53,0.83,5.57
2005-01-27,3.68,7.21,0.23,0.6,8.49
2005-01-28,5.53,8.78,3.27,3.37,7.3
2005-01-29,7.75,11.99,4.93,1.06,8.71
2005-01-30,4.82,8.84,-2.05,3.1,8.11
2005-01-31,0.23,5.56,-3.61,1.45,8.55
2005-02-01,-0.9,3.11,-3.72,0.82,9.17
2005-02-02,-1.29,2.94,-4.42,0.03,10.35
2005-02-03,0.44,3.69,-2.94,3.78,3.6
2005-02-04,-0.55,2.75,-3.67,3.94,8.1
2005-02-05,-2.08,1.63,-6.26,2.01,4.51
2005-02-06,-5.93,-2.58,-7.78,0.03,8.69
2005-02-07,-6.12,-3.08,-8.18,0.22,9.22
2005-02-08,-6.24,-1.77,-10.13,0.06,8.81
2005-02-09,-7.99,-3.23,-10.5,0.0,10.85
2005-02-10,-7.92,-1.91,-13.27,0.0,11.54
2005-02-11,-7.36,-1.26,-12.68,0.0,10.93
2005-02-12,-5.89,-0.6,-11.22,0.0,13.18
2005-02-13,-2.14,3.9,-8.92,0.15,13.0
2005-02-14,1.84,5.72,-1.24,1.45,8.61
2005-02-15,2.59,7.11,0.0,2.08,12.66
2005-02-16,3.49,7.81,-0.02,4.52,7.0
2005-02-17,4.3,10.2,-0.36,0.67,9.6
2005-02-18,4.31,7.75,0.44,21.83,4.31
2005-02-19,1.78,8.57,-2.32,0.08,10.12
2005-02-20,0.9,4.2,-1.63,0.14,11.2
2005-02-21,1.5,5.58,-1.65,0.05,13.0
2005-02-22,3.24,8.4,-1.04,0.1,13.0
2005-02-23,3.6,9.74,-0.24,0.22,13.44
2005-02-24,4.21,10.52,-0.26,0.11,10.92
2005-02-25,4.47,11.19,-0.52,0.0,14.38
2005-02-26,3.71,9.42,0.1,0.99,8.6
2005-02-27,4.91,9.26,1.19,0.85,10.76
2005-02-28,5.21,8.89,2.46,4.66,8.78
2005-03-01,7.03,10.94,4.55,6.64,6.32
2005-03-02,8.93,13.23,6.19,5.38,5.71
2005-03-03,4.52,8.09,-2.33,7.16,7.26
2005-03-04,0.49,6.24,-3.91,0.18,16.96
2005-03-05,3.12,9.76,-2.23,2.17,5.87
2005-03-06,5.59,9.94,2.25,2.86,8.28
2005-03-07,7.46,12.44,4.26,0.51,11.33
2005-03-08,4.2,8.69,0.44,5.85,8.69
2005-03-09,0.9,5.25,-2.6,0.65,11.51
2005-03-10,-1.51,1.73,-4.44,0.51,11.01
2005-03-11,-2.44,1.08,-5.62,1.18,8.56
2005-03-12,-1.63,5.49,-7.14,0.01,19.34
2005-03-13,1.3,8.33,-3.59,0.0,21.21
2005-03-14,3.46,10.08,-2.5,0.14,17.01
2005-03-15,4.78,9.82,-0.33,0.0,17.91
2005-03-16,3.53,9.12,-1.56,0.0,15.78
2005-03-17,4.23,10.92,-2.53,0.0,21.57
2005-03-18,7.63,15.79,1.66,0.01,21.65
2005-03-19,7.95,15.19,0.67,0.0,20.44
2005-03-20,4.77,11.02,0.34,2.91,8.38
2005-03-21,4.03,10.93,-1.26,0.12,17.07
2005-03-22,1.29,9.66,-5.1,0.0,21.74
2005-03-23,-0.65,6.27,-5.95,0.0,23.47
2005-03-24,1.21,9.06,-5.25,0.0,23.67
2005-03-25,3.95,11.2,-2.79,0.0,23.68
2005-03-26,7.3,15.37,-0.14,0.0,22.26
2005-03-27,8.98,14.14,2.93,0.35,12.05
2005-03-28,10.84,17.82,6.43,0.05,15.12
2005-03-29,9.89,15.23,5.77,0.06,15.83
2005-03-30,9.67,15.71,4.88,0.09,16.57
2005-03-31,8.07,12.3,2.83,9.84,8.47
2005-04-01,2.67,7.96,-1.96,3.52,7.01
2005-04-02,-1.42,2.92,-4.55,0.8,8.47
2005-04-03,-1.45,2.73,-5.01,0.41,9.51
2005-04-04,-0.99,5.02,-5.5,0.0,17.4
2005-04-05,1.69,8.26,-4.46,0.0,15.05
2005-04-06,5.02,12.07,-1.46,0.0,24.09
2005-04-07,7.76,14.53,1.76,0.17,13.83
2005-04-08,7.36,13.85,2.3,0.0,11.97
2005-04-09,13.06,19.99,6.97,0.0,23.95
2005-04-10,14.36,21.92,7.53,0.0,24.24
2005-04-11,16.29,23.36,9.71,0.0,24.1
2005-04-12,15.53,21.24,10.34,0.0,15.21
2005-04-13,14.17,22.18,7.0,0.01,20.39
2005-04-14,8.04,13.2,3.0,2.63,17.66
2005-04-15,7.19,12.13,3.43,0.21,15.93
2005-04-16,9.32,16.48,2.19,0.04,22.36
2005-04-17,11.28,19.04,4.66,0.0,15.5
2005-04-18,10.84,16.6,7.93,3.21,9.07
2005-04-19,8.76,14.52,2.96,2.61,19.93
2005-04-20,10.31,17.66,2.62,0.0,24.84
2005-04-21,13.02,21.19,5.51,0.12,24.27
2005-04-22,13.47,18.79,9.26,8.79,17.59
2005-04-23,9.51,14.61,4.48,4.22,10.71
2005-04-24,8.11,15.14,2.21,0.42,22.19
2005-04-25,10.83,18.03,2.68,0.0,28.06
2005-04-26,14.28,21.11,7.02,0.0,24.35
2005-04-27,12.82,18.74,7.15,1.15,18.44
2005-04-28,9.95,16.08,4.28,0.02,21.32
2005-04-29,9.73,17.94,2.15,12.55,21.38
2005-04-30,6.5,12.63,0.52,1.53,18.24
2005-05-01,6.61,12.9,2.39,0.17,16.24
2005-05-02,6.67,11.58,2.57,0.26,13.05
2005-05-03,8.66,16.29,1.66,0.01,17.78
2005-05-04,6.89,13.98,-0.94,0.0,30.0
2005-05-05,12.62,20.68,4.17,0.0,26.84
2005-05-06,15.55,22.4,9.82,0.08,19.76
2005-05-07,14.19,19.91,7.04,0.02,14.16
2005-05-08,9.98,15.19,5.94,1.38,17.84
2005-05-09,13.14,20.58,5.68,0.0,30.03
2005-05-10,15.8,23.08,7.24,0.0,28.63
2005-05-11,17.17,24.26,10.77,0.26,27.16
2005-05-12,16.55,23.92,8.82,0.12,27.43
2005-05-13,14.95,20.22,9.98,0.7,20.87
2005-05-14,12.16,17.18,6.9,0.0,23.12
2005-05-15,12.49,20.35,3.69,0.0,28.85
2005-05-16,15.87,22.83,9.25,0.0,30.41
2005-05-17,17.26,25.23,10.02,0.0,29.97
2005-05-18,18.91,26.29,10.88,0.0,30.5
2005-05-19,21.16,29.07,13.08,0.0,27.05
2005-05-20,19.1,25.08,14.41,0.05,13.03
2005-05-21,18.2,25.77,10.18,0.25,28.38
2005-05-22,15.75,23.21,9.3,0.48,30.46
2005-05-23,14.61,20.76,8.21,0.03,24.16
2005-05-24,14.89,20.74,8.9,0.13,22.64
2005-05-25,16.46,22.68,9.45,2.94,20.13
2005-05-26,15.13,19.42,11.7,5.99,18.62
2005-05-27,15.52,21.04,11.19,9.23,24.55
2005-05-28,16.17,21.04,11.07,0.56,19.76
2005-05-29,15.5,19.65,10.93,0.97,25.0
2005-05-30,14.96,18.16,11.22,7.54,19.14
2005-05-31,14.75,17.99,12.12,3.53,16.39
2005-06-01,13.77,16.78,10.69,12.23,17.6
2005-06-02,14.59,19.38,10.32,3.05,14.77
2005-06-03,14.67,21.28,8.62,0.0,24.91
2005-06-04,15.35,22.13,8.13,0.0,29.34
2005-06-05,16.42,22.91,9.16,0.0,30.71
2005-06-06,19.2,25.85,11.94,0.0,31.83
2005-06-07,20.63,27.38,13.09,0.0,29.5
2005-06-08,21.63,29.57,13.4,0.0,29.62
2005-06-09,21.22,29.54,13.16,0.06,29.72
2005-06-10,20.43,28.25,12.87,0.06,27.9
2005-06-11,16.25,20.97,11.47,0.21,27.46
2005-06-12,16.79,24.25,8.21,0.05,27.17
2005-06-13,18.45,24.63,10.58,0.96,25.77
2005-06-14,16.98,23.82,11.87,6.39,17.65
2005-06-15,15.66,21.57,10.43,0.02,21.81
2005-06-16,17.49,24.57,10.0,0.0,28.56
2005-06-17,18.66,25.71,11.51,0.0,30.11
2005-06-18,20.7,27.43,12.94,0.0,30.96
2005-06-19,20.02,27.07,13.4,0.07,29.02
2005-06-20,17.76,23.96,12.46,0.19,26.41
2005-06-21,16.43,23.34,9.66,0.0,28.1
2005-06-22,15.47,22.16,8.82,0.0,31.11
2005-06-23,16.68,25.01,7.33,0.0,32.63
2005-06-24,20.0,27.44,13.07,0.0,31.19
2005-06-25,16.61,23.17,11.23,0.17,23.9
2005-06-26,16.69,24.17,8.95,0.0,32.17
2005-06-27,18.44,26.31,9.62,0.0,31.91
2005-06-28,19.59,27.5,10.28,0.0,31.39
2005-06-29,19.86,26.34,12.38,4.06,23.73
2005-06-30,20.41,28.67,12.2,0.19,30.54
2005-07-01,21.32,28.91,11.84,0.06,29.63
2005-07-02,24.14,30.85,16.65,0.11,27.6
2005-07-03,23.91,30.73,17.18,0.03,30.22
2005-07-04,18.28,23.05,14.75,3.8,19.42
2005-07-05,18.03,24.33,12.32,0.39,12.87
2005-07-06,19.46,27.48,11.84,0.0,30.56
2005-07-07,21.93,30.14,12.06,0.0,30.76
2005-07-08,23.95,31.01,16.27,0.0,28.19
2005-07-09,24.06,31.49,15.86,0.0,28.54
2005-07-10,24.29,32.29,15.67,0.0,29.33
2005-07-11,24.39,32.75,16.32,0.0,30.7
2005-07-12,26.32,34.28,16.95,0.0,30.08
2005-07-13,25.57,32.88,18.14,0.0,29.69
2005-07-14,23.12,30.19,15.38,0.27,28.32
2005-07-15,21.04,26.71,16.19,8.76,21.95
2005-07-16,18.05,22.89,13.25,5.38,21.99
2005-07-17,18.59,25.52,11.48,0.0,29.29
2005-07-18,20.39,27.54,12.31,0.0,28.54
2005-07-19,21.17,28.56,13.58,0.0,29.38
2005-07-20,22.64,30.69,14.33,0.0,29.56
2005-07-21,24.26,32.63,15.18,0.0,29.09
2005-07-22,25.5,33.71,16.94,0.0,28.28
2005-07-23,24.33,31.7,16.93,0.01,26.39
2005-07-24,22.84,30.19,15.4,0.01,27.46
2005-07-25,22.55,30.25,14.62,0.0,28.36
2005-07-26,22.61,30.47,14.02,0.0,27.99
2005-07-27,24.12,31.67,16.23,0.0,28.51
2005-07-28,23.41,31.28,15.12,0.0,29.75
2005-07-29,23.83,32.08,15.17,0.26,28.45
2005-07-30,24.16,31.8,16.98,2.84,27.38
2005-07-31,24.73,31.34,17.53,0.04,21.7
2005-08-01,23.62,30.01,16.85,0.08,23.68
2005-08-02,22.6,29.43,16.98,0.0,24.51
2005-08-03,22.18,29.42,15.77,0.0,28.65
2005-08-04,22.62,29.5,15.02,0.0,28.29
2005-08-05,25.23,32.42,17.43,0.0,26.54
2005-08-06,23.48,31.29,16.96,0.0,28.23
2005-08-07,21.21,27.2,15.72,0.11,22.92
2005-08-08,22.79,31.0,15.63,0.0,28.22
2005-08-09,23.2,31.61,14.52,0.0,27.49
2005-08-10,23.39,31.29,14.74,0.0,26.8
2005-08-11,22.93,30.33,15.7,0.0,26.85
2005-08-12,22.54,30.73,15.02,0.0,26.42
2005-08-13,23.05,31.5,14.25,0.0,27.45
2005-08-14,25.62,33.14,17.48,0.0,27.35
2005-08-15,26.61,34.02,20.19,0.0,26.52
2005-08-16,25.12,33.98,17.2,0.0,26.71
2005-08-17,25.14,34.34,17.8,0.0,26.85
2005-08-18,24.41,33.25,16.12,0.0,26.54
2005-08-19,23.58,31.97,15.7,0.0,25.79
2005-08-20,21.34,27.84,15.07,0.0,23.62
2005-08-21,20.18,27.47,12.81,0.0,25.13
2005-08-22,22.64,30.36,14.07,0.0,25.61
2005-08-23,25.55,33.3,18.06,0.0,25.07
2005-08-24,24.04,31.95,16.72,0.0,24.52
2005-08-25,23.31,30.18,15.77,0.0,23.6
2005-08-26,23.6,30.52,15.8,0.11,22.32
2005-08-27,21.02,26.86,16.76,1.97,19.78
2005-08-28,21.02,28.03,14.54,0.0,24.2
2005-08-29,21.5,28.96,13.86,0.0,25.08
2005-08-30,20.31,27.4,13.76,0.0,25.25
2005-08-31,18.69,26.24,11.56,0.0,25.55
2005-09-01,19.33,26.56,12.14,0.0,24.21
2005-09-02,18.34,24.89,12.63,5.62,20.39
2005-09-03,15.43,21.1,10.14,0.17,17.16
2005-09-04,12.95,18.39,8.22,0.0,18.07
2005-09-05,13.61,20.75,7.93,0.0,23.93
2005-09-06,14.76,22.18,7.36,0.0,24.71
2005-09-07,16.34,23.81,8.98,0.0,24.37
2005-09-08,16.65,23.71,10.22,0.01,23.78
2005-09-09,15.37,22.3,8.66,0.0,23.17
2005-09-10,16.16,22.91,9.74,0.0,21.0
2005-09-11,16.38,23.91,9.11,0.0,23.4
2005-09-12,18.07,25.87,11.03,0.0,23.22
2005-09-13,18.4,26.49,10.68,0.0,23.04
2005-09-14,19.31,26.6,12.46,0.0,22.48
2005-09-15,21.06,28.3,13.98,0.07,20.68
2005-09-16,17.01,20.32,14.77,8.03,9.06
2005-09-17,18.26,23.47,12.73,0.14,16.7
2005-09-18,20.35,26.83,13.57,0.0,21.27
2005-09-19,20.03,27.33,12.84,0.0,21.22
2005-09-20,19.65,26.62,13.71,0.01,20.93
2005-09-21,19.53,27.25,12.86,0.03,20.64
2005-09-22,17.9,24.58,12.37,0.1,17.25
2005-09-23,16.38,21.15,11.78,10.31,14.94
2005-09-24,15.02,19.21,11.84,7.26,16.42
2005-09-25,14.95,20.29,11.13,0.02,15.31
2005-09-26,16.16,21.97,11.28,0.0,16.09
2005-09-27,15.17,21.69,10.64,0.01,18.28
2005-09-28,14.42,21.79,9.35,0.04,17.96
2005-09-29,12.46,19.25,6.94,0.03,19.4
2005-09-30,13.94,20.27,7.9,0.08,17.03
2005-10-01,15.97,22.35,11.43,0.0,18.32
2005-10-02,14.09,18.0,10.36,5.8,7.3
2005-10-03,12.58,18.93,7.1,0.1,17.71
2005-10-04,12.98,19.23,8.68,0.0,13.66
2005-10-05,12.11,18.59,6.41,0.0,17.39
2005-10-06,10.07,18.46,2.88,0.0,19.36
2005-10-07,10.18,17.89,4.4,0.0,18.61
2005-10-08,8.69,16.7,2.35,0.0,19.3
2005-10-09,8.68,16.93,2.17,0.0,18.01
2005-10-10,11.48,19.5,5.51,0.0,15.3
2005-10-11,11.61,18.91,6.36,3.39,9.14
2005-10-12,12.3,17.53,8.68,2.6,14.06
2005-10-13,12.59,18.1,7.43,0.0,14.65
2005-10-14,11.86,18.66,6.37,0.02,14.68
2005-10-15,10.5,16.64,6.44,1.44,11.87
2005-10-16,7.5,9.41,5.64,21.37,2.95
2005-10-17,7.35,13.27,3.39,0.12,10.12
2005-10-18,6.51,12.58,2.55,0.48,10.05
2005-10-19,2.78,8.04,-1.34,1.6,12.06
2005-10-20,3.33,9.13,-1.13,0.09,13.39
2005-10-21,4.13,10.4,0.02,0.0,16.59
2005-10-22,6.4,14.85,-0.08,0.0,16.76
2005-10-23,8.97,16.14,3.55,0.0,16.35
2005-10-24,11.1,17.72,6.87,0.0,15.51
2005-10-25,11.04,18.01,5.18,0.0,15.14
2005-10-26,11.21,18.33,5.39,0.0,15.22
2005-10-27,11.7,18.26,6.16,0.0,14.84
2005-10-28,9.32,16.52,4.13,0.01,11.64
2005-10-29,3.44,7.39,0.58,0.01,9.18
2005-10-30,2.03,5.44,0.22,0.02,7.3
2005-10-31,2.11,5.81,-0.64,0.08,8.02
2005-11-01,1.91,6.38,-1.36,0.19,7.53
2005-11-02,2.73,8.41,-1.89,0.12,7.71
2005-11-03,1.49,4.28,-0.64,26.12,4.18
2005-11-04,0.63,1.75,-0.74,10.01,1.59
2005-11-05,2.76,6.15,1.03,0.94,5.05
2005-11-06,2.27,5.61,0.28,3.8,4.76
2005-11-07,3.11,7.28,0.45,0.04,5.62
2005-11-08,3.09,7.86,0.57,0.0,9.73
2005-11-09,2.74,10.05,-1.69,0.0,12.83
2005-11-10,3.21,8.8,-0.95,0.0,12.77
2005-11-11,4.26,10.96,-0.36,0.0,12.29
2005-11-12,3.37,9.7,-1.45,0.0,10.89
2005-11-13,5.57,10.74,0.75,0.02,9.3
2005-11-14,3.38,8.32,-0.66,0.12,5.6
2005-11-15,2.29,8.06,-1.13,0.09,8.71
2005-11-16,3.07,9.64,-1.92,0.08,12.24
2005-11-17,4.57,11.55,-0.66,0.2,8.59
2005-11-18,5.64,9.19,3.38,2.46,3.21
2005-11-19,6.31,10.32,3.56,2.35,7.93
2005-11-20,5.56,10.61,0.13,3.65,6.17
2005-11-21,-3.11,-0.63,-5.7,2.13,5.24
2005-11-22,-2.8,2.34,-6.13,0.02,10.8
2005-11-23,0.45,6.44,-3.74,0.12,6.09
2005-11-24,3.82,11.34,-1.25,0.04,9.81
2005-11-25,5.73,9.76,2.73,0.38,4.35
2005-11-26,7.19,12.83,2.59,1.0,6.38
2005-11-27,8.78,17.35,4.88,0.11,8.06
2005-11-28,8.93,16.5,4.55,0.0,10.11
2005-11-29,6.96,11.33,4.34,0.03,5.52
2005-11-30,4.95,11.32,0.79,0.0,10.39
2005-12-01,8.77,16.84,2.69,0.02,10.08
2005-12-02,8.93,14.29,6.28,0.0,3.99
2005-12-03,10.04,16.0,6.27,0.02,9.58
2005-12-04,7.36,14.83,2.76,0.0,10.69
2005-12-05,6.58,11.85,3.29,0.01,10.67
2005-12-06,5.52,13.39,0.26,0.0,10.22
2005-12-07,6.08,11.89,3.38,0.0,6.71
2005-12-08,6.45,11.91,3.19,0.07,6.98
2005-12-09,5.3,10.44,2.73,0.03,9.65
2005-12-10,5.79,12.9,1.16,0.0,9.29
2005-12-11,2.19,6.78,-0.38,0.0,6.54
2005-12-12,1.19,6.39,-1.08,0.0,4.92
2005-12-13,0.92,7.55,-2.11,0.0,5.23
2005-12-14,3.84,12.87,-1.8,0.0,8.44
2005-12-15,3.85,8.73,-0.16,5.77,4.54
2005-12-16,2.55,6.61,-0.44,0.59,7.59
2005-12-17,4.91,9.66,1.25,0.63,8.51
2005-12-18,6.66,10.55,4.98,0.45,7.72
2005-12-19,1.13,6.08,-5.47,5.45,3.44
2005-12-20,-5.86,-2.45,-7.63,0.07,7.46
2005-12-21,-4.48,0.03,-7.86,0.0,7.85
2005-12-22,-2.95,2.37,-6.15,0.06,5.79
2005-12-23,-5.59,-2.05,-8.79,0.55,6.89
2005-12-24,-6.52,-4.64,-8.24,0.45,6.06
2005-12-25,-6.29,-2.61,-8.56,0.01,10.12
2005-12-26,-3.13,2.7,-8.66,0.14,5.67
2005-12-27,0.11,5.55,-4.11,0.08,8.58
2005-12-28,1.46,5.35,-0.06,0.59,8.63
2005-12-29,2.09,6.61,-0.05,1.19,5.31
2005-12-30,2.0,8.02,-1.56,0.27,9.0
2005-12-31,3.69,8.25,1.11,0.31,5.86
2006-01-01,3.25,5.88,1.73,0.0,4.51
2006-01-02,4.05,9.83,0.65,0.0,8.92
2006-01-03,3.57,9.42,0.36,0.0,9.32
2006-01-04,4.13,9.93,1.29,0.08,6.99
2006-01-05,4.11,8.97,0.72,2.65,2.77
2006-01-06,4.5,8.87,2.02,0.45,6.06
2006-01-07,1.2,4.2,-0.96,1.16,4.73
2006-01-08,-1.64,1.98,-4.25,0.13,4.25
2006-01-09,-3.72,-0.11,-6.05,0.21,6.53
2006-01-10,-4.42,-1.63,-6.28,0.0,5.65
2006-01-11,-3.7,0.22,-7.32,0.0,6.6
2006-01-12,-2.36,1.68,-5.46,0.0,5.99
2006-01-13,-2.22,1.35,-4.81,0.03,5.25
2006-01-14,-2.85,0.7,-5.45,0.07,5.04
2006-01-15,-4.91,-0.1,-8.54,0.0,7.22
2006-01-16,-5.21,1.34,-9.88,0.0,11.9
2006-01-17,-3.13,2.27,-7.66,0.02,11.67
2006-01-18,-3.55,2.4,-8.68,0.0,11.59
2006-01-19,0.44,3.43,-4.8,7.21,4.35
2006-01-20,-4.22,-0.64,-7.49,4.38,6.11
2006-01-21,-4.76,0.46,-9.45,0.0,10.22
2006-01-22,-0.24,4.23,-4.45,5.49,6.63
2006-01-23,-2.22,0.12,-6.35,14.44,3.49
2006-01-24,-6.87,-4.25,-9.4,11.36,3.21
2006-01-25,-2.9,-0.06,-10.0,7.24,2.28
2006-01-26,-10.39,-5.43,-14.2,0.87,4.27
2006-01-27,-11.44,-6.65,-14.63,0.07,11.34
2006-01-28,-12.33,-7.01,-16.73,0.0,12.13
2006-01-29,-12.12,-3.14,-18.81,0.03,13.24
2006-01-30,-11.16,-3.31,-15.86,0.0,14.12
2006-01-31,-7.02,0.08,-13.57,0.0,13.08
2006-02-01,-4.76,0.38,-9.84,2.02,12.29
2006-02-02,-3.02,-0.25,-4.65,0.41,8.4
2006-02-03,-4.09,-0.93,-7.1,0.0,10.04
2006-02-04,-2.83,3.51,-8.87,0.0,10.43
2006-02-05,-0.25,3.99,-4.39,0.2,8.56
2006-02-06,1.6,4.92,-0.05,2.94,8.7
2006-02-07,1.6,5.35,-0.14,5.49,6.57
2006-02-08,0.1,3.82,-3.17,8.64,4.45
2006-02-09,-2.51,1.75,-5.96,0.49,9.26
2006-02-10,1.8,5.19,-2.16,0.63,6.6
2006-02-11,3.51,7.4,1.33,3.78,8.71
2006-02-12,0.15,5.01,-5.35,4.25,4.24
2006-02-13,-4.03,-0.67,-5.74,0.39,7.7
2006-02-14,-5.01,-2.27,-7.06,0.04,7.86
2006-02-15,-7.45,-4.52,-9.96,0.02,13.4
2006-02-16,-7.58,-3.13,-12.3,0.01,15.22
2006-02-17,-2.52,2.86,-8.25,0.8,6.3
2006-02-18,1.72,6.54,-1.61,0.39,10.75
2006-02-19,2.82,7.06,0.06,0.06,10.55
2006-02-20,2.68,6.52,0.37,2.5,8.51
2006-02-21,3.0,8.86,-0.77,0.03,9.38
2006-02-22,4.44,10.29,0.59,0.0,16.37
2006-02-23,5.63,13.19,0.54,0.0,16.24
2006-02-24,5.19,12.52,-0.42,0.08,12.5
2006-02-25,5.53,12.31,1.45,0.09,15.52
2006-02-26,4.16,9.96,0.64,2.44,17.02
2006-02-27,2.58,7.6,-1.42,0.18,15.58
2006-02-28,3.12,8.17,-0.82,0.07,7.36
2006-03-01,4.82,9.75,0.51,0.72,13.64
2006-03-02,4.42,11.1,-0.52,0.07,16.05
2006-03-03,5.05,10.63,-1.97,1.52,10.46
2006-03-04,3.33,11.02,-3.58,0.0,18.02
2006-03-05,4.87,12.95,-1.02,0.01,18.9
2006-03-06,5.27,13.54,0.37,0.01,17.91
2006-03-07,5.84,12.14,0.37,0.52,14.15
2006-03-08,3.92,7.73,-1.15,10.68,12.03
2006-03-09,-3.19,0.58,-6.17,1.09,10.16
2006-03-10,-0.7,5.85,-6.34,0.0,19.77
2006-03-11,3.03,9.31,-2.67,0.09,8.81
2006-03-12,4.7,8.83,1.26,0.2,11.76
2006-03-13,4.67,8.61,2.44,16.78,13.46
2006-03-14,2.97,6.47,0.01,24.81,8.95
2006-03-15,2.24,6.92,-1.6,6.64,9.48
2006-03-16,2.32,6.98,-0.87,0.76,13.36
2006-03-17,2.63,8.51,-2.01,0.59,11.79
2006-03-18,2.4,7.03,-1.61,5.35,11.81
2006-03-19,1.94,6.76,-2.37,0.5,14.01
2006-03-20,4.54,10.8,-1.88,0.62,14.88
2006-03-21,6.64,11.87,2.72,0.04,11.56
2006-03-22,8.56,15.76,1.56,0.0,21.66
2006-03-23,10.03,17.04,5.48,0.02,16.26
2006-03-24,8.13,13.02,4.06,0.2,15.73
2006-03-25,4.79,9.49,1.0,0.32,12.17
2006-03-26,5.55,11.49,-0.27,0.01,15.71
2006-03-27,7.11,11.79,1.1,0.42,19.89
2006-03-28,7.28,13.41,0.0,0.0,22.66
2006-03-29,8.54,16.06,2.0,0.0,21.77
2006-03-30,9.26,16.7,2.97,0.61,23.57
2006-03-31,7.21,10.7,4.45,0.79,17.31
2006-04-01,8.19,14.5,2.4,0.43,19.74
2006-04-02,6.02,12.61,0.4,0.02,21.43
2006-04-03,7.35,13.72,1.82,0.0,23.04
2006-04-04,8.72,14.19,3.43,0.31,22.85
2006-04-05,7.21,13.84,1.47,0.05,22.13
2006-04-06,9.53,17.4,1.9,0.0,22.84
2006-04-07,11.56,19.99,4.92,0.04,18.69
2006-04-08,9.8,16.02,4.65,0.08,17.92
2006-04-09,8.73,14.31,3.14,1.01,17.55
2006-04-10,8.36,15.25,2.45,0.38,18.56
2006-04-11,11.0,18.3,3.37,0.0,23.81
2006-04-12,12.34,17.77,7.88,0.0,15.05
2006-04-13,11.06,17.56,5.98,0.01,25.6
2006-04-14,9.68,12.93,7.25,3.35,10.73
2006-04-15,10.41,15.74,6.18,7.44,11.76
2006-04-16,10.54,17.28,1.76,0.05,25.95
2006-04-17,13.42,19.99,7.79,0.0,26.35
2006-04-18,11.6,16.37,6.27,0.0,16.37
2006-04-19,13.72,21.26,8.54,0.0,18.68
2006-04-20,13.44,20.23,7.39,0.0,25.3
2006-04-21,12.05,17.75,7.38,0.09,20.5
2006-04-22,9.69,12.5,6.52,4.71,11.56
2006-04-23,9.36,12.95,7.36,14.96,15.73
2006-04-24,8.98,14.04,5.73,1.37,16.66
2006-04-25,6.29,12.22,0.32,0.0,22.86
2006-04-26,4.86,11.82,-2.77,0.0,28.13
2006-04-27,9.69,16.71,2.47,0.0,27.57
2006-04-28,11.46,16.87,7.21,1.56,12.03
2006-04-29,11.57,17.82,7.0,3.34,18.36
2006-04-30,11.65,17.77,7.33,7.07,19.35
2006-05-01,10.52,15.68,6.13,2.4,19.26
2006-05-02,9.78,14.69,5.46,0.46,17.87
2006-05-03,9.34,15.19,4.99,0.09,20.53
2006-05-04,8.02,12.99,3.06,12.61,15.24
2006-05-05,9.53,14.25,5.53,2.11,17.95
2006-05-06,11.24,15.77,6.99,0.65,19.12
2006-05-07,9.93,15.02,4.94,5.11,18.97
2006-05-08,8.45,14.93,3.62,0.38,25.58
2006-05-09,8.35,13.44,2.59,0.4,20.08
2006-05-10,11.2,17.71,4.56,0.0,23.69
2006-05-11,12.3,17.74,6.09,0.01,25.01
2006-05-12,11.68,16.5,6.43,0.69,16.46
2006-05-13,11.1,16.64,5.29,1.11,24.29
2006-05-14,11.0,18.57,3.86,0.0,28.68
2006-05-15,12.88,20.5,5.08,1.85,27.47
2006-05-16,11.62,16.89,6.91,1.74,20.66
2006-05-17,11.97,17.77,6.45,0.03,17.03
2006-05-18,14.01,20.11,6.03,0.46,26.11
2006-05-19,15.05,21.11,8.18,0.22,22.61
2006-05-20,16.23,23.1,8.11,0.0,28.32
2006-05-21,17.99,24.44,10.93,0.37,28.06
2006-05-22,19.22,25.11,12.43,0.0,27.17
2006-05-23,19.08,25.97,11.23,0.0,29.27
2006-05-24,20.1,26.96,12.43,0.0,29.7
2006-05-25,21.54,28.15,13.65,0.0,30.58
2006-05-26,19.31,24.25,12.93,0.5,18.87
2006-05-27,16.97,23.75,9.88,0.0,28.29
2006-05-28,17.03,24.06,9.32,0.0,30.39
2006-05-29,19.96,27.57,11.46,0.0,30.88
2006-05-30,21.09,28.3,14.33,0.0,30.43
2006-05-31,20.6,27.76,12.63,0.0,31.08
2006-06-01,21.79,28.65,14.85,0.01,29.21
2006-06-02,23.48,30.27,14.95,0.0,30.23
2006-06-03,24.82,32.01,18.84,0.0,28.43
2006-06-04,22.87,30.29,16.02,0.0,28.88
2006-06-05,21.43,28.76,15.69,0.0,26.8
2006-06-06,19.36,27.61,11.07,0.0,31.42
2006-06-07,17.51,26.8,9.53,0.02,29.16
2006-06-08,17.59,25.12,10.4,0.07,29.22
2006-06-09,14.64,20.48,9.47,7.77,20.0
2006-06-10,15.47,21.13,9.99,0.49,23.39
2006-06-11,15.14,20.08,9.24,1.3,22.92
2006-06-12,16.59,23.63,8.43,0.0,30.31
2006-06-13,18.09,24.59,12.88,2.96,23.21
2006-06-14,14.72,20.69,9.57,1.64,22.88
2006-06-15,16.05,23.61,8.97,0.11,27.33
2006-06-16,15.4,22.4,8.17,0.09,31.4
2006-06-17,15.9,23.06,8.87,0.0,28.37
2006-06-18,17.88,25.85,9.13,0.0,31.75
2006-06-19,19.09,27.29,9.77,0.0,32.07
2006-06-20,20.72,28.52,11.61,0.47,29.59
2006-06-21,21.07,27.74,13.3,2.28,24.06
2006-06-22,21.11,28.86,12.75,0.0,30.13
2006-06-23,19.75,27.01,11.83,0.0,29.85
2006-06-24,20.93,28.58,12.28,0.0,28.24
2006-06-25,22.04,29.63,13.14,0.17,27.28
2006-06-26,22.45,29.46,14.1,0.17,27.88
2006-06-27,21.07,27.09,14.31,2.72,27.15
2006-06-28,20.63,25.89,15.79,0.26,22.17
2006-06-29,19.23,22.49,16.3,1.91,17.82
2006-06-30,20.28,26.46,13.17,0.04,22.62
2006-07-01,21.4,28.29,13.62,0.0,29.81
2006-07-02,21.65,27.83,14.36,3.57,27.26
2006-07-03,19.28,23.7,14.85,7.4,21.78
2006-07-04,17.11,23.88,10.66,0.33,24.85
2006-07-05,16.96,23.47,10.36,0.07,27.56
2006-07-06,17.2,23.95,9.69,0.0,28.9
2006-07-07,17.12,23.81,9.78,0.0,31.17
2006-07-08,17.88,25.66,9.68,0.0,30.53
2006-07-09,19.63,27.67,10.29,0.0,27.76
2006-07-10,20.55,28.36,12.05,0.0,27.88
2006-07-11,21.8,29.37,13.01,0.16,27.0
2006-07-12,22.89,30.84,13.64,0.69,28.43
2006-07-13,23.69,31.16,14.95,0.14,25.04
2006-07-14,21.88,27.5,16.11,0.03,26.59
2006-07-15,21.01,28.04,13.12,0.0,28.57
2006-07-16,21.95,29.21,13.69,0.0,27.32
2006-07-17,23.28,31.11,15.32,0.27,23.76
2006-07-18,20.95,28.7,13.32,0.0,28.15
2006-07-19,21.31,29.14,13.42,0.0,28.84
2006-07-20,20.6,28.24,13.03,0.0,30.92
2006-07-21,20.13,27.38,11.88,0.0,28.98
2006-07-22,20.07,26.86,13.06,0.0,28.55
2006-07-23,21.65,29.57,12.68,0.22,24.57
2006-07-24,21.81,29.53,13.99,0.0,29.29
2006-07-25,21.72,29.5,13.21,0.0,29.74
2006-07-26,22.6,30.02,14.04,0.0,29.57
2006-07-27,22.89,30.66,14.81,0.0,27.35
2006-07-28,22.18,30.0,13.98,0.0,28.43
2006-07-29,21.27,28.17,14.23,0.0,27.04
2006-07-30,22.01,29.58,14.08,0.0,28.69
2006-07-31,24.23,31.07,17.51,0.0,26.93
2006-08-01,22.19,30.34,13.93,0.0,27.89
2006-08-02,23.83,31.7,14.91,0.0,27.47
2006-08-03,25.33,33.09,15.81,0.0,25.78
2006-08-04,27.25,34.11,18.77,0.0,25.67
2006-08-05,28.15,35.75,20.16,0.0,26.38
2006-08-06,27.73,35.98,18.34,0.0,26.15
2006-08-07,27.53,35.52,19.56,0.0,25.92
2006-08-08,23.69,30.81,17.18,0.0,26.67
2006-08-09,23.47,31.23,15.3,0.0,26.91
2006-08-10,24.34,32.88,14.94,0.0,26.14
2006-08-11,26.59,33.84,19.68,0.0,24.01
2006-08-12,25.3,33.14,17.01,0.0,26.34
2006-08-13,25.5,33.48,16.05,0.0,25.92
2006-08-14,26.1,34.47,17.45,0.0,24.86
2006-08-15,25.85,33.7,17.79,0.0,25.72
2006-08-16,26.74,34.76,19.03,0.0,25.38
2006-08-17,26.39,34.13,18.76,0.63,24.58
2006-08-18,25.07,31.5,18.77,10.99,22.57
2006-08-19,23.14,30.94,15.84,0.0,26.03
2006-08-20,21.64,29.59,14.05,0.0,26.51
2006-08-21,22.14,29.52,14.44,0.0,26.3
2006-08-22,24.29,32.02,15.93,0.0,25.74
2006-08-23,24.15,32.37,17.18,0.0,25.19
2006-08-24,22.6,31.11,14.49,0.0,24.84
2006-08-25,24.57,32.76,15.17,0.0,23.74
2006-08-26,26.08,33.52,18.94,0.0,21.32
2006-08-27,24.47,32.02,17.92,0.0,24.65
2006-08-28,24.87,32.28,17.93,0.01,22.37
2006-08-29,21.4,28.09,13.79,0.0,25.64
2006-08-30,23.68,31.99,16.48,0.0,25.35
2006-08-31,22.56,31.34,14.27,0.0,24.94
2006-09-01,13.78,17.8,9.39,1.22,6.98
2006-09-02,13.7,20.44,8.39,0.12,21.07
2006-09-03,15.95,24.08,9.06,0.0,24.37
2006-09-04,17.85,25.74,10.88,0.0,24.83
2006-09-05,18.76,27.02,10.35,0.0,24.38
2006-09-06,18.93,26.57,12.4,0.0,22.98
2006-09-07,16.98,25.74,8.44,0.0,24.91
2006-09-08,19.75,27.96,11.87,0.0,24.17
2006-09-09,21.5,30.08,14.68,0.0,23.59
2006-09-10,17.09,24.75,10.32,0.2,12.06
2006-09-11,18.29,24.9,12.77,0.18,16.35
2006-09-12,17.07,23.58,11.49,0.0,19.85
2006-09-13,17.47,25.24,10.24,0.0,22.9
2006-09-14,18.91,26.44,12.21,0.0,21.24
2006-09-15,19.64,27.1,12.4,0.0,22.35
2006-09-16,20.0,27.64,13.52,0.0,21.71
2006-09-17,18.97,27.11,11.08,0.0,21.65
2006-09-18,21.49,28.47,14.97,0.68,19.41
2006-09-19,19.87,26.0,14.69,0.41,18.71
2006-09-20,18.26,23.24,14.54,18.43,15.38
2006-09-21,15.56,20.42,11.67,6.72,15.18
2006-09-22,14.62,19.04,11.07,2.55,13.21
2006-09-23,15.31,19.45,11.14,13.06,16.73
2006-09-24,14.79,18.9,11.77,7.02,12.72
2006-09-25,13.41,17.92,9.08,0.98,10.57
2006-09-26,15.31,21.33,10.13,0.0,19.24
2006-09-27,17.3,24.24,12.13,0.06,16.1
2006-09-28,17.37,25.13,12.31,1.03,13.82
2006-09-29,16.87,21.74,12.87,2.19,14.2
2006-09-30,15.1,20.47,10.53,0.07,11.56
2006-10-01,13.97,18.91,9.74,0.01,12.3
2006-10-02,13.43,18.92,9.01,0.02,15.81
2006-10-03,13.94,20.52,7.73,0.0,19.47
2006-10-04,16.56,24.26,10.77,0.0,19.63
2006-10-05,17.87,25.95,12.24,0.0,19.47
2006-10-06,19.17,26.46,12.98,0.0,19.19
2006-10-07,19.54,26.61,14.25,0.0,17.58
2006-10-08,17.51,24.36,11.67,0.0,15.99
2006-10-09,15.35,21.72,10.96,1.86,15.63
2006-10-10,14.97,20.94,10.32,0.8,14.74
2006-10-11,13.56,17.75,10.34,1.26,13.63
2006-10-12,13.43,17.87,10.8,4.63,12.05
2006-10-13,11.95,14.91,9.86,1.08,6.97
2006-10-14,10.83,14.22,8.3,6.37,5.4
2006-10-15,9.06,12.47,7.46,7.93,4.35
2006-10-16,10.91,16.64,6.24,0.2,11.33
2006-10-17,8.29,9.76,6.48,23.49,4.05
2006-10-18,10.32,13.73,7.79,39.8,2.48
2006-10-19,9.63,14.19,6.82,6.86,13.75
2006-10-20,9.87,15.05,6.01,0.65,13.33
2006-10-21,10.95,16.95,5.71,0.0,15.93
2006-10-22,12.19,16.67,8.31,0.37,11.45
2006-10-23,12.46,16.87,8.47,0.28,12.15
2006-10-24,12.11,16.14,8.8,0.05,12.17
2006-10-25,13.0,18.04,8.55,0.0,14.76
2006-10-26,11.54,17.35,6.65,2.42,12.4
2006-10-27,6.85,10.69,4.05,0.69,9.62
2006-10-28,7.92,12.08,5.37,0.79,5.62
2006-10-29,8.42,12.69,5.76,0.01,5.73
2006-10-30,8.57,13.82,3.14,2.71,10.39
2006-10-31,9.83,12.49,6.65,46.66,4.06
2006-11-01,8.4,11.73,4.74,3.65,11.92
2006-11-02,7.69,13.84,2.85,0.02,12.75
2006-11-03,8.12,12.62,1.14,9.62,4.95
2006-11-04,-0.06,3.64,-3.69,1.55,6.61
2006-11-05,-3.01,-0.28,-4.43,0.51,7.72
2006-11-06,-0.66,4.99,-5.06,0.0,11.47
2006-11-07,1.61,6.74,-2.05,0.04,9.84
2006-11-08,3.07,9.08,-0.98,0.0,13.29
2006-11-09,4.74,11.3,0.63,0.0,13.47
2006-11-10,5.45,12.21,0.3,0.0,13.35
2006-11-11,3.49,8.83,0.24,0.28,6.23
2006-11-12,4.49,10.27,-0.24,0.23,7.69
2006-11-13,6.73,10.73,3.73,0.79,5.74
2006-11-14,2.69,7.71,-1.1,1.51,9.31
2006-11-15,1.96,7.39,-1.35,0.0,9.93
2006-11-16,3.36,9.66,-1.66,0.0,12.49
2006-11-17,7.03,13.83,2.25,0.0,12.4
2006-11-18,5.83,11.75,2.67,0.0,12.11
2006-11-19,3.48,9.83,-0.51,0.0,12.32
2006-11-20,4.85,11.31,-0.51,0.0,10.63
2006-11-21,5.92,10.97,2.57,0.2,9.36
2006-11-22,5.98,10.7,3.89,0.07,8.03
2006-11-23,6.15,11.65,2.72,0.0,10.28
2006-11-24,6.9,12.91,2.68,0.0,11.3
2006-11-25,6.38,11.8,3.11,0.0,11.11
2006-11-26,4.41,10.79,0.18,0.0,11.4
2006-11-27,4.12,10.6,-0.74,0.0,11.1
2006-11-28,5.29,11.13,1.81,0.0,10.85
2006-11-29,4.19,10.69,-0.29,0.0,11.3
2006-11-30,1.13,7.24,-2.23,0.0,11.48
2006-12-01,0.82,7.07,-2.85,0.0,11.14
2006-12-02,-0.03,6.15,-3.09,0.0,9.92
2006-12-03,1.79,8.71,-3.51,0.0,9.81
2006-12-04,3.24,8.01,0.27,0.0,10.07
2006-12-05,3.89,7.82,0.7,0.31,5.69
2006-12-06,4.98,8.55,2.55,0.14,5.27
2006-12-07,4.82,8.32,2.71,0.0,8.21
2006-12-08,3.76,8.96,0.93,0.0,9.82
2006-12-09,2.73,7.7,0.33,0.0,10.17
2006-12-10,2.93,7.86,-0.73,0.0,10.15
2006-12-11,2.34,6.89,0.31,0.0,9.97
2006-12-12,2.51,5.81,0.84,0.34,3.49
2006-12-13,1.29,6.35,-1.43,0.0,7.73
2006-12-14,1.25,7.4,-3.09,0.0,8.25
2006-12-15,-1.15,3.07,-3.13,0.0,10.32
2006-12-16,0.33,6.27,-3.49,0.0,10.57
2006-12-17,3.39,9.61,-0.11,0.0,10.5
2006-12-18,4.43,11.88,0.26,0.0,10.05
2006-12-19,3.23,7.81,-0.25,0.0,4.76
2006-12-20,3.12,8.52,-0.28,0.82,7.0
2006-12-21,2.32,5.31,-1.7,0.13,4.94
2006-12-22,-2.2,0.98,-6.16,0.01,4.18
2006-12-23,-4.09,-0.74,-6.26,0.0,10.02
2006-12-24,-2.81,2.06,-5.34,0.0,10.1
2006-12-25,-1.66,4.94,-5.27,0.0,10.18
2006-12-26,-4.85,-2.43,-8.51,0.1,7.02
2006-12-27,-8.3,-5.27,-10.25,0.01,8.13
2006-12-28,-7.19,-2.46,-10.6,0.0,9.26
2006-12-29,-3.93,3.97,-10.83,0.0,10.66
2006-12-30,-2.39,2.27,-5.26,0.01,8.95
2006-12-31,-3.74,1.48,-7.11,0.0,10.27
2007-01-01,-2.51,3.61,-8.44,0.0,10.74
2007-01-02,0.72,8.51,-5.46,0.39,10.39
2007-01-03,3.42,5.9,1.77,5.85,7.78
2007-01-04,0.77,3.52,-3.6,24.62,2.43
2007-01-05,-3.52,-0.01,-6.1,5.4,2.69
2007-01-06,-4.62,-0.47,-7.58,0.04,4.44
2007-01-07,-4.9,-0.12,-8.83,0.01,6.2
2007-01-08,-4.64,1.51,-10.36,0.0,9.39
2007-01-09,-2.04,3.59,-6.45,0.0,10.38
2007-01-10,-1.54,3.21,-4.38,0.0,7.3
2007-01-11,-2.27,1.77,-4.82,0.0,9.89
2007-01-12,-1.53,3.74,-6.9,0.2,8.48
2007-01-13,0.57,5.12,-1.85,1.23,5.43
2007-01-14,0.51,4.73,-2.0,0.0,8.2
2007-01-15,0.21,4.55,-1.81,0.0,8.55
2007-01-16,-0.22,3.61,-2.22,0.0,8.87
2007-01-17,0.39,7.46,-4.71,0.0,10.2
2007-01-18,0.94,7.75,-3.49,0.0,8.81
2007-01-19,1.58,6.36,-2.2,0.24,8.01
2007-01-20,0.51,2.6,-3.26,6.49,9.42
2007-01-21,-1.64,2.16,-4.65,0.0,12.23
2007-01-22,1.91,8.91,-2.27,0.0,12.11
2007-01-23,2.97,10.78,-0.7,0.0,11.41
2007-01-24,2.0,7.91,-0.76,0.0,11.79
2007-01-25,2.41,8.42,-0.3,0.0,10.1
2007-01-26,3.79,10.06,0.35,0.0,9.46
2007-01-27,4.4,11.54,-0.18,0.08,11.08
2007-01-28,-2.0,3.46,-7.89,11.77,4.3
2007-01-29,-5.76,-0.22,-9.52,0.01,11.32
2007-01-30,-4.0,-0.34,-8.24,1.47,7.87
2007-01-31,-4.7,0.94,-8.94,0.09,7.76
2007-02-01,-2.64,4.2,-8.58,0.02,14.01
2007-02-02,-0.87,1.48,-4.3,13.37,3.72
2007-02-03,-6.21,-3.95,-10.28,4.28,3.24
2007-02-04,-7.53,-1.65,-12.42,0.05,6.99
2007-02-05,-7.67,-4.58,-10.15,1.9,3.22
2007-02-06,-7.7,-2.66,-11.28,0.67,13.93
2007-02-07,-4.88,2.4,-10.93,0.0,14.41
2007-02-08,-0.83,4.29,-4.79,0.0,14.44
2007-02-09,1.53,6.22,-1.48,0.01,14.08
2007-02-10,1.97,6.81,-0.8,0.0,13.7
2007-02-11,2.13,7.53,-0.55,0.0,12.95
2007-02-12,2.07,8.22,-1.16,0.08,13.29
2007-02-13,2.73,7.94,-0.25,0.66,12.25
2007-02-14,3.77,8.47,0.99,6.45,10.05
2007-02-15,2.0,5.48,-0.53,2.98,7.58
2007-02-16,2.03,8.0,-1.33,0.0,14.45
2007-02-17,2.2,7.54,-2.2,0.24,9.62
2007-02-18,0.9,6.93,-2.37,0.0,10.54
2007-02-19,2.66,9.53,-2.44,0.03,16.57
2007-02-20,4.02,10.06,-0.06,0.0,15.66
2007-02-21,4.75,11.42,0.39,0.0,16.58
2007-02-22,4.0,10.48,-1.0,0.0,17.12
2007-02-23,4.56,10.78,-0.11,0.0,11.31
2007-02-24,2.12,7.31,-3.87,0.0,6.73
2007-02-25,-1.61,4.92,-6.53,0.0,18.01
2007-02-26,2.62,9.41,-2.66,0.13,17.95
2007-02-27,3.63,10.62,-2.1,0.08,17.91
2007-02-28,3.17,6.68,0.06,8.11,2.95
2007-03-01,3.52,10.06,-0.9,0.03,13.28
2007-03-02,5.24,12.69,-1.55,0.04,16.69
2007-03-03,6.52,10.72,3.32,1.74,8.23
2007-03-04,7.69,13.06,3.41,2.14,12.99
2007-03-05,2.27,6.24,-1.51,1.67,9.22
2007-03-06,1.29,7.13,-2.79,0.03,15.06
2007-03-07,2.6,10.0,-3.15,0.0,19.75
2007-03-08,4.64,11.67,-0.06,0.0,19.78
2007-03-09,6.43,13.12,1.28,0.0,20.18
2007-03-10,8.32,15.6,3.72,0.04,20.15
2007-03-11,7.21,14.15,2.13,0.3,15.41
2007-03-12,4.32,12.19,-1.17,0.01,18.99
2007-03-13,0.01,4.93,-3.95,0.13,13.57
2007-03-14,-1.83,0.91,-3.83,0.84,9.42
2007-03-15,-0.27,5.06,-4.73,0.29,5.0
2007-03-16,-0.45,5.69,-5.37,0.0,15.87
2007-03-17,2.54,9.78,-3.97,0.0,21.11
2007-03-18,4.68,11.82,-2.02,0.0,18.72
2007-03-19,6.26,13.27,0.54,0.0,20.14
2007-03-20,6.15,12.73,-0.08,0.04,19.15
2007-03-21,7.02,13.98,2.61,0.0,21.72
2007-03-22,7.49,12.75,2.55,0.14,6.83
2007-03-23,9.67,16.88,3.06,9.43,16.37
2007-03-24,3.88,7.75,1.35,1.89,13.41
2007-03-25,4.73,10.41,0.21,0.12,17.01
2007-03-26,3.34,8.52,-0.76,0.0,13.59
2007-03-27,2.8,8.92,-2.95,0.0,22.04
2007-03-28,3.19,9.31,-0.82,0.03,12.79
2007-03-29,6.07,13.38,-0.79,0.0,23.44
2007-03-30,8.66,14.97,3.41,0.0,19.07
2007-03-31,4.08,6.77,2.05,7.7,7.58
2007-04-01,3.03,7.97,-1.65,1.4,7.4
2007-04-02,1.35,7.29,-3.06,0.02,17.03
2007-04-03,2.04,7.25,-2.45,0.02,15.71
2007-04-04,5.54,11.85,-0.02,0.09,23.29
2007-04-05,6.79,12.84,1.77,3.48,7.13
2007-04-06,7.32,12.68,2.66,0.42,16.96
2007-04-07,7.52,12.97,2.14,0.0,19.23
2007-04-08,7.58,14.89,0.53,0.0,23.3
2007-04-09,5.94,10.99,0.05,0.0,20.59
2007-04-10,6.08,12.74,-0.63,0.0,26.22
2007-04-11,6.85,14.0,-0.27,0.85,23.95
2007-04-12,7.35,13.94,2.1,0.36,23.3
2007-04-13,6.06,12.89,0.44,0.0,23.31
2007-04-14,4.7,11.23,-0.38,0.01,26.93
2007-04-15,3.15,8.35,-1.99,0.02,15.87
2007-04-16,2.7,8.92,-2.84,0.1,17.18
2007-04-17,4.69,10.3,-2.91,0.11,19.15
2007-04-18,3.96,8.57,-1.65,0.86,13.68
2007-04-19,4.98,12.15,-3.72,3.54,18.62
2007-04-20,6.69,12.25,0.76,2.7,25.23
2007-04-21,10.52,17.85,2.77,0.0,27.63
2007-04-22,11.93,18.07,6.46,0.0,18.78
2007-04-23,6.76,12.38,0.38,0.0,28.03
2007-04-24,6.01,13.04,-2.21,0.0,29.26
2007-04-25,10.04,15.6,3.74,0.0,23.93
2007-04-26,12.26,17.92,6.91,0.0,21.64
2007-04-27,11.92,18.81,3.76,0.01,21.69
2007-04-28,9.18,14.37,4.93,4.92,11.92
2007-04-29,8.07,13.05,3.1,2.7,18.56
2007-04-30,9.63,16.34,-0.24,0.11,26.26
2007-05-01,12.53,18.52,7.21,0.47,22.5
2007-05-02,12.21,18.12,6.68,0.37,21.78
2007-05-03,11.62,18.17,6.02,0.0,25.65
2007-05-04,13.78,21.32,5.78,0.0,25.57
2007-05-05,16.6,23.93,8.5,0.0,27.96
2007-05-06,19.83,26.62,12.41,0.0,27.73
2007-05-07,20.67,27.86,15.24,0.0,28.36
2007-05-08,18.46,24.67,12.85,0.57,19.16
2007-05-09,16.16,21.84,11.1,0.21,23.3
2007-05-10,15.34,20.96,8.38,0.0,22.33
2007-05-11,15.03,22.7,7.33,0.01,29.18
2007-05-12,15.73,22.71,7.2,0.01,19.83
2007-05-13,16.36,24.57,8.38,0.0,29.31
2007-05-14,15.14,23.39,7.2,0.0,30.98
2007-05-15,15.8,24.51,5.96,0.0,31.21
2007-05-16,19.41,26.21,11.96,0.0,29.51
2007-05-17,18.53,25.31,12.89,0.03,22.44
2007-05-18,15.85,22.04,10.71,6.51,20.58
2007-05-19,16.93,24.41,9.58,3.66,26.11
2007-05-20,16.85,23.15,11.3,3.42,23.66
2007-05-21,15.02,21.78,8.81,0.9,27.65
2007-05-22,15.94,23.35,8.75,0.6,25.66
2007-05-23,16.26,24.16,8.65,0.05,27.51
2007-05-24,17.14,24.64,9.89,0.11,29.19
2007-05-25,17.94,24.82,10.32,0.05,25.65
2007-05-26,18.84,25.25,12.39,0.41,28.74
2007-05-27,16.67,22.98,11.23,1.13,25.71
2007-05-28,17.8,25.29,10.46,0.03,28.44
2007-05-29,17.21,22.3,11.59,0.7,22.45
2007-05-30,19.88,27.24,12.77,1.45,27.02
2007-05-31,18.84,26.27,11.52,0.01,29.09
2007-06-01,18.64,25.87,11.56,0.0,29.0
2007-06-02,19.28,25.43,11.23,0.13,26.49
2007-06-03,21.32,27.96,12.78,0.08,26.77
2007-06-04,22.54,26.88,17.37,0.11,25.96
2007-06-05,22.65,28.83,17.28,0.41,21.66
2007-06-06,20.62,26.52,15.59,3.02,19.91
2007-06-07,15.77,18.79,12.29,1.2,19.79
2007-06-08,14.04,16.96,10.79,1.77,17.99
2007-06-09,15.08,19.81,9.99,1.57,23.45
2007-06-10,14.3,19.71,11.55,10.33,11.64
2007-06-11,15.39,22.09,9.8,4.32,22.94
2007-06-12,15.49,22.06,7.38,0.19,27.05
2007-06-13,19.45,26.08,11.66,0.0,27.52
2007-06-14,22.19,28.17,15.38,0.0,26.5
2007-06-15,22.87,29.82,14.98,1.22,27.42
2007-06-16,22.53,29.22,14.3,3.03,26.82
2007-06-17,21.6,27.48,14.64,0.23,23.25
2007-06-18,20.49,27.29,13.15,0.02,29.76
2007-06-19,19.64,26.5,12.62,0.0,30.78
2007-06-20,19.29,25.94,11.15,0.0,29.19
2007-06-21,18.94,25.44,12.32,0.0,29.91
2007-06-22,19.01,26.78,10.29,0.0,32.55
2007-06-23,22.68,29.9,13.76,0.0,31.83
2007-06-24,25.93,34.06,18.11,0.0,29.98
2007-06-25,21.75,29.03,14.21,0.0,31.82
2007-06-26,23.99,32.2,15.65,0.0,30.43
2007-06-27,25.84,33.23,17.52,0.83,29.95
2007-06-28,27.07,34.1,19.64,0.0,30.07
2007-06-29,22.46,29.27,15.65,0.0,26.57
2007-06-30,20.45,26.09,15.68,0.16,25.9
2007-07-01,18.99,24.74,13.03,2.79,26.77
2007-07-02,19.15,25.78,11.48,0.0,30.43
2007-07-03,21.23,28.52,12.13,0.0,31.38
2007-07-04,23.65,30.75,15.42,0.0,31.37
2007-07-05,25.58,33.15,17.11,0.0,30.98
2007-07-06,24.32,33.66,15.74,0.0,30.13
2007-07-07,18.77,25.96,11.12,0.0,31.44
2007-07-08,19.53,28.66,9.8,0.0,32.02
2007-07-09,21.5,30.2,11.88,0.0,31.88
2007-07-10,23.5,31.89,12.71,0.0,31.72
2007-07-11,25.88,33.95,17.27,0.0,30.71
2007-07-12,25.82,33.62,17.63,0.0,29.84
2007-07-13,21.84,31.34,14.87,1.63,27.08
2007-07-14,18.25,24.7,13.36,0.07,22.71
2007-07-15,18.51,25.24,13.12,0.0,29.89
2007-07-16,18.49,25.82,11.26,0.0,30.47
2007-07-17,19.45,27.35,10.18,0.0,30.31
2007-07-18,21.77,29.02,12.84,0.0,28.87
2007-07-19,22.67,30.71,14.36,0.0,30.04
2007-07-20,23.62,31.57,14.96,0.0,30.14
2007-07-21,25.08,33.53,14.41,0.0,29.9
2007-07-22,25.55,33.76,15.5,0.0,29.9
2007-07-23,25.87,33.6,17.1,0.0,29.71
2007-07-24,25.73,33.54,17.96,0.0,29.33
2007-07-25,26.82,34.38,18.04,0.0,29.14
2007-07-26,28.49,35.93,20.96,0.0,28.17
2007-07-27,28.0,36.72,18.12,0.0,26.75
2007-07-28,27.9,36.23,18.15,0.01,24.36
2007-07-29,28.29,36.18,20.64,0.05,24.94
2007-07-30,28.28,35.68,20.64,0.0,23.61
2007-07-31,28.1,35.59,20.86,0.29,23.58
2007-08-01,27.11,35.89,19.67,0.02,22.83
2007-08-02,23.17,30.51,17.69,0.0,24.35
2007-08-03,22.22,30.64,14.07,0.0,28.54
2007-08-04,24.96,33.26,14.65,0.0,28.56
2007-08-05,26.15,34.11,19.03,0.0,26.17
2007-08-06,25.2,32.73,18.66,0.0,27.93
2007-08-07,22.42,29.64,15.53,0.0,28.22
2007-08-08,22.52,30.6,14.3,0.0,27.69
2007-08-09,22.58,30.1,14.48,0.0,26.97
2007-08-10,24.05,31.78,15.26,0.0,26.67
2007-08-11,26.69,34.79,18.89,0.0,26.1
2007-08-12,26.13,33.46,19.1,0.0,26.69
2007-08-13,24.85,33.2,16.62,0.0,26.57
2007-08-14,24.44,31.76,16.33,0.51,24.96
2007-08-15,24.7,31.25,17.6,0.64,24.43
2007-08-16,24.9,32.0,18.7,0.0,22.46
2007-08-17,23.72,31.54,16.72,0.0,26.32
2007-08-18,23.23,31.15,14.8,0.0,26.65
2007-08-19,24.54,31.49,17.21,0.01,25.54
2007-08-20,26.14,32.8,18.36,0.0,21.54
2007-08-21,26.09,33.39,19.21,0.0,23.13
2007-08-22,24.09,31.89,16.83,0.0,26.15
2007-08-23,23.15,30.43,15.96,0.0,26.43
2007-08-24,22.08,28.86,15.04,0.0,24.29
2007-08-25,21.97,28.12,15.28,0.07,21.54
2007-08-26,21.61,27.83,15.33,0.01,24.63
2007-08-27,21.5,28.15,14.46,0.74,23.0
2007-08-28,20.32,25.97,14.86,3.32,17.82
2007-08-29,21.62,28.56,14.46,0.0,23.16
2007-08-30,22.62,29.88,15.09,0.0,24.3
2007-08-31,23.57,31.08,15.96,0.0,25.28
2007-09-01,24.84,32.4,18.49,0.0,24.53
2007-09-02,25.77,33.21,18.31,0.0,23.38
2007-09-03,24.82,33.24,17.02,0.0,22.79
2007-09-04,24.18,31.93,17.32,0.0,22.78
2007-09-05,23.42,31.2,16.29,0.0,23.75
2007-09-06,21.71,29.26,14.56,0.0,23.6
2007-09-07,21.63,29.38,14.48,0.0,23.01
2007-09-08,17.9,24.68,12.18,0.0,23.82
2007-09-09,12.95,16.56,9.28,0.8,14.77
2007-09-10,15.11,23.65,7.23,0.01,23.66
2007-09-11,18.31,26.33,10.05,0.0,22.83
2007-09-12,19.1,27.67,11.74,0.0,22.59
2007-09-13,16.57,24.67,10.89,0.0,21.64
2007-09-14,14.27,21.51,7.17,0.0,23.28
2007-09-15,18.15,26.93,10.59,0.0,22.7
2007-09-16,15.05,22.27,8.73,0.0,22.21
2007-09-17,14.9,23.47,7.19,0.0,23.44
2007-09-18,18.02,26.38,10.73,0.0,23.07
2007-09-19,20.35,27.92,14.15,0.0,22.64
2007-09-20,20.38,28.81,13.02,0.0,21.56
2007-09-21,17.98,27.37,10.56,0.0,20.87
2007-09-22,16.7,23.9,11.32,0.01,19.32
2007-09-23,15.23,21.18,10.94,2.02,15.13
2007-09-24,13.33,18.39,8.59,0.12,10.85
2007-09-25,12.83,19.77,7.28,0.0,20.43
2007-09-26,16.55,25.06,9.88,0.0,20.98
2007-09-27,18.83,26.48,12.11,0.0,20.43
2007-09-28,19.2,26.98,12.84,0.0,20.57
2007-09-29,17.9,26.61,10.8,0.0,20.95
2007-09-30,16.99,25.58,8.87,0.0,20.55
2007-10-01,15.83,24.89,7.75,0.0,20.22
2007-10-02,16.62,25.07,8.71,0.01,18.97
2007-10-03,19.08,26.04,13.18,0.03,13.82
2007-10-04,16.92,23.43,12.84,0.69,11.58
2007-10-05,15.28,20.63,10.62,0.42,16.59
2007-10-06,16.18,23.0,9.61,0.0,17.85
2007-10-07,17.63,24.61,11.05,0.0,17.79
2007-10-08,18.52,25.54,13.2,0.0,17.0
2007-10-09,18.78,25.48,12.81,0.0,16.76
2007-10-10,17.93,24.76,11.36,0.0,16.21
2007-10-11,16.84,24.37,9.83,0.0,16.21
2007-10-12,18.2,25.16,13.36,0.05,14.86
2007-10-13,15.63,20.61,10.74,2.06,12.58
2007-10-14,11.94,16.09,6.49,2.34,10.55
2007-10-15,4.94,8.59,2.14,3.04,7.84
2007-10-16,5.55,12.08,0.85,0.0,17.25
2007-10-17,7.86,16.55,1.31,0.0,17.91
2007-10-18,9.53,17.61,2.97,0.15,17.67
2007-10-19,11.63,20.01,5.71,0.0,17.35
2007-10-20,10.59,18.28,4.8,0.0,11.8
2007-10-21,11.59,17.03,7.92,10.33,4.56
2007-10-22,11.32,15.29,8.53,4.96,5.2
2007-10-23,12.77,19.62,7.23,1.86,14.13
2007-10-24,10.67,15.62,5.96,2.87,9.23
2007-10-25,10.26,15.52,7.35,2.4,9.23
2007-10-26,8.96,15.52,4.63,0.0,14.64
2007-10-27,8.19,14.64,2.68,0.0,14.67
2007-10-28,9.03,15.49,3.96,0.0,15.07
2007-10-29,10.77,17.64,5.92,0.01,12.99
2007-10-30,9.76,14.31,6.72,1.87,10.51
2007-10-31,11.71,19.02,5.71,0.0,12.21
2007-11-01,13.95,20.86,9.67,0.16,7.26
2007-11-02,10.95,14.8,8.15,0.87,8.58
2007-11-03,10.37,14.24,7.62,0.0,7.28
2007-11-04,11.45,18.12,6.32,0.91,13.44
2007-11-05,10.91,13.06,9.11,22.84,4.4
2007-11-06,7.12,10.29,1.61,19.26,3.01
2007-11-07,3.31,8.01,0.37,1.19,4.92
2007-11-08,3.4,8.94,-0.24,0.9,12.09
2007-11-09,3.51,8.34,-0.05,0.34,12.23
2007-11-10,5.6,11.76,-1.49,10.23,12.25
2007-11-11,1.63,6.21,-1.66,0.67,11.56
2007-11-12,3.68,11.96,-2.81,0.04,13.32
2007-11-13,7.5,11.5,4.27,4.63,5.11
2007-11-14,7.03,11.02,4.21,2.41,10.17
2007-11-15,7.8,12.6,4.47,2.74,8.35
2007-11-16,8.6,14.27,4.01,0.0,10.95
2007-11-17,9.61,16.22,5.02,0.0,11.99
2007-11-18,6.85,12.06,3.29,1.23,6.68
2007-11-19,6.16,9.86,3.31,2.34,8.38
2007-11-20,3.64,5.28,2.14,13.04,2.8
2007-11-21,2.61,5.59,0.66,0.6,3.61
2007-11-22,2.01,7.05,-0.69,0.0,11.52
2007-11-23,2.21,9.44,-1.6,0.0,11.53
2007-11-24,2.79,9.58,-0.58,0.0,11.07
2007-11-25,3.08,8.71,0.06,0.0,10.82
2007-11-26,5.18,12.8,0.06,0.01,10.05
2007-11-27,7.35,13.92,3.22,1.54,8.04
2007-11-28,2.22,5.82,-4.34,0.77,3.94
2007-11-29,-2.1,3.57,-5.78,0.0,9.53
2007-11-30,3.88,9.58,-1.88,0.45,9.32
2007-12-01,5.33,9.29,2.01,2.94,7.59
2007-12-02,-0.51,3.88,-3.98,0.17,11.19
2007-12-03,1.72,9.48,-3.57,0.01,10.85
2007-12-04,4.39,8.89,0.34,0.73,8.19
2007-12-05,5.99,9.2,0.92,26.01,1.28
2007-12-06,2.11,5.36,0.54,8.1,3.72
2007-12-07,1.57,5.76,-1.24,0.44,4.23
2007-12-08,2.02,7.6,-1.85,0.1,8.75
2007-12-09,4.08,8.12,0.25,3.52,7.66
2007-12-10,5.62,8.68,3.11,4.47,5.74
2007-12-11,5.43,9.34,2.38,3.82,5.52
2007-12-12,5.49,9.39,2.43,8.28,6.91
2007-12-13,2.79,6.14,-1.66,8.77,3.85
2007-12-14,-1.18,3.11,-3.97,0.31,4.47
2007-12-15,0.81,6.08,-3.49,2.31,8.47
2007-12-16,0.32,3.31,-1.64,2.94,3.57
2007-12-17,-0.5,4.78,-3.9,0.0,7.51
2007-12-18,-3.13,0.44,-5.45,0.0,7.06
2007-12-19,-3.67,-0.09,-5.15,0.0,6.45
2007-12-20,-3.91,-0.76,-6.09,0.0,5.03
2007-12-21,-4.45,-0.32,-6.68,0.01,8.09
2007-12-22,-4.34,0.42,-6.86,0.0,5.76
2007-12-23,-3.66,2.82,-8.56,0.0,10.02
2007-12-24,-1.81,4.35,-5.05,0.0,10.26
2007-12-25,-1.26,4.23,-3.99,0.0,9.34
2007-12-26,0.42,6.25,-4.1,0.0,6.94
2007-12-27,0.36,5.84,-2.98,0.0,6.67
2007-12-28,-1.67,1.84,-4.95,0.0,4.78
2007-12-29,-5.34,-0.13,-9.02,0.0,9.05
2007-12-30,-5.26,0.94,-9.64,0.0,10.64
2007-12-31,-3.45,2.8,-6.86,0.0,10.51
2008-01-01,-1.43,5.15,-7.36,0.02,9.66
2008-01-02,0.79,4.72,-1.78,1.71,5.57
2008-01-03,0.19,3.28,-2.88,2.15,3.52
2008-01-04,-4.88,-2.63,-8.65,0.53,7.39
2008-01-05,-7.37,-3.2,-10.35,0.01,6.72
2008-01-06,-6.21,-0.07,-11.28,0.03,8.82
2008-01-07,-1.1,4.69,-5.55,0.49,8.48
2008-01-08,-0.94,3.01,-3.76,0.07,8.45
2008-01-09,-4.08,-0.47,-6.0,0.0,9.21
2008-01-10,-5.83,-1.49,-9.08,0.02,7.63
2008-01-11,-6.05,0.18,-9.29,0.0,11.04
2008-01-12,-7.04,-0.33,-10.91,0.0,10.48
2008-01-13,-5.44,1.75,-10.56,0.0,11.02
2008-01-14,-2.01,4.5,-6.14,0.0,11.51
2008-01-15,-3.09,2.25,-7.75,1.33,7.47
2008-01-16,-1.22,4.16,-5.02,0.39,9.28
2008-01-17,-0.02,4.16,-3.55,0.1,8.65
2008-01-18,-0.55,3.96,-3.21,0.0,9.29
2008-01-19,-2.56,2.53,-6.15,0.0,9.42
2008-01-20,-3.82,1.59,-7.07,0.0,7.5
2008-01-21,-2.43,4.84,-7.74,0.0,9.83
2008-01-22,1.15,7.51,-2.58,0.0,11.83
2008-01-23,1.39,7.06,-4.15,0.0,12.25
2008-01-24,-0.54,3.06,-3.86,0.07,9.16
2008-01-25,-3.62,-0.23,-8.43,0.02,8.08
2008-01-26,-6.78,-1.41,-10.18,0.0,11.12
2008-01-27,-2.78,6.1,-10.22,0.06,11.55
2008-01-28,-1.23,2.03,-4.42,6.8,3.98
2008-01-29,-5.63,-3.94,-8.06,1.19,5.86
2008-01-30,-7.65,-4.74,-10.8,0.06,6.62
2008-01-31,-8.08,-2.67,-11.43,0.0,9.85
2008-02-01,-4.06,3.86,-11.96,0.0,10.55
2008-02-02,-0.33,5.49,-6.31,0.0,11.46
2008-02-03,1.55,6.59,-2.76,0.0,12.08
2008-02-04,1.37,6.53,-1.43,0.0,12.67
2008-02-05,1.29,6.3,-1.32,0.0,13.54
2008-02-06,1.18,6.48,-1.53,0.0,12.27
2008-02-07,0.93,6.34,-2.19,0.0,11.88
2008-02-08,0.17,5.65,-2.66,0.0,13.83
2008-02-09,1.14,7.01,-2.44,0.2,12.69
2008-02-10,1.5,7.75,-2.01,0.52,10.65
2008-02-11,-0.56,5.13,-3.71,0.12,10.0
2008-02-12,-2.23,1.94,-4.97,0.02,7.44
2008-02-13,-2.93,1.09,-5.5,0.08,12.06
2008-02-14,-4.27,-0.22,-6.8,0.0,10.22
2008-02-15,-3.02,2.1,-8.26,0.0,14.5
2008-02-16,-0.55,4.23,-4.17,4.05,10.54
2008-02-17,-5.27,-3.09,-7.96,8.68,3.75
2008-02-18,-8.81,-6.96,-11.57,0.75,4.5
2008-02-19,-8.49,-2.98,-13.22,0.05,12.18
2008-02-20,-4.18,2.39,-10.95,0.04,11.79
2008-02-21,-0.52,5.78,-7.36,0.0,16.71
2008-02-22,2.55,7.75,-0.83,0.0,14.73
2008-02-23,3.46,9.54,-0.85,0.0,15.7
2008-02-24,0.77,5.52,-4.45,0.01,12.95
2008-02-25,-2.36,2.89,-5.22,0.0,17.0
2008-02-26,0.28,6.9,-4.71,0.0,17.08
2008-02-27,4.67,12.07,-0.61,0.0,17.31
2008-02-28,2.56,6.73,-1.13,0.0,13.41
2008-02-29,4.73,10.45,1.55,0.01,15.6
2008-03-01,4.94,12.6,-0.35,0.0,17.4
2008-03-02,2.15,7.75,-1.6,5.66,7.81
2008-03-03,2.81,10.27,-3.52,0.33,12.03
2008-03-04,6.31,15.72,-0.02,0.0,18.91
2008-03-05,4.67,11.08,-0.43,0.0,11.84
2008-03-06,6.79,13.65,0.2,0.0,15.3
2008-03-07,9.12,17.09,4.04,0.0,15.44
2008-03-08,9.82,18.6,4.21,0.0,14.8
2008-03-09,10.68,18.77,4.57,0.0,16.25
2008-03-10,6.51,14.01,0.79,0.0,19.15
2008-03-11,5.0,12.2,0.02,0.01,18.25
2008-03-12,3.67,7.73,-0.17,1.89,8.01
2008-03-13,5.39,11.32,0.91,2.01,10.71
2008-03-14,2.28,6.08,-3.36,4.57,12.8
2008-03-15,2.81,10.57,-3.98,0.01,21.24
2008-03-16,6.76,14.6,0.51,0.0,21.35
2008-03-17,6.68,14.73,-0.85,0.0,20.67
2008-03-18,5.71,10.66,2.08,0.62,12.4
2008-03-19,7.5,14.87,0.62,0.01,19.11
2008-03-20,8.58,13.59,4.26,1.86,9.64
2008-03-21,10.34,15.36,6.06,5.93,7.29
2008-03-22,10.32,17.28,4.93,0.99,20.46
2008-03-23,12.31,19.76,5.7,0.0,17.97
2008-03-24,12.45,19.24,6.36,0.0,14.13
2008-03-25,7.32,12.37,2.4,1.32,14.28
2008-03-26,5.23,11.05,-1.04,0.32,18.83
2008-03-27,6.61,12.35,2.24,0.3,18.25
2008-03-28,7.72,12.69,4.11,0.5,18.86
2008-03-29,7.19,11.29,3.35,6.81,12.35
2008-03-30,4.94,8.71,1.19,3.78,7.93
2008-03-31,2.67,6.5,-0.41,6.18,7.11
2008-04-01,3.28,9.19,-2.22,0.05,16.31
2008-04-02,5.78,12.71,-0.72,1.82,20.41
2008-04-03,4.38,10.4,1.35,6.08,10.48
2008-04-04,5.52,10.37,1.45,2.24,14.06
2008-04-05,7.18,13.16,1.67,0.08,14.35
2008-04-06,7.76,14.28,3.24,11.61,11.92
2008-04-07,5.38,10.86,1.21,0.84,16.46
2008-04-08,7.5,15.24,-0.26,0.02,24.4
2008-04-09,8.49,13.11,3.97,1.04,9.37
2008-04-10,9.31,15.52,3.14,0.41,15.81
2008-04-11,11.51,17.95,5.09,0.01,20.94
2008-04-12,14.59,22.84,6.91,0.0,22.27
2008-04-13,17.44,25.09,10.61,0.0,20.08
2008-04-14,18.28,25.67,13.62,0.02,20.75
2008-04-15,16.69,23.62,10.65,0.0,24.1
2008-04-16,10.11,15.87,3.32,0.0,24.25
2008-04-17,9.24,15.91,1.37,0.0,21.39
2008-04-18,10.31,14.98,5.49,0.01,8.79
2008-04-19,11.44,18.71,4.32,0.0,26.78
2008-04-20,15.4,24.56,7.17,0.0,25.94
2008-04-21,16.53,25.65,7.72,0.0,26.96
2008-04-22,18.72,27.52,10.72,0.0,18.97
2008-04-23,17.71,25.48,10.93,0.0,19.05
2008-04-24,15.64,22.53,7.4,0.05,19.05
2008-04-25,13.79,22.39,5.99,0.0,26.66
2008-04-26,14.2,21.27,7.57,0.0,23.93
2008-04-27,10.78,16.68,6.07,1.25,24.11
2008-04-28,7.75,12.45,4.66,6.55,16.57
2008-04-29,7.58,12.8,3.82,2.92,17.16
2008-04-30,8.74,13.8,3.6,0.7,21.05
2008-05-01,11.26,18.15,3.52,0.0,24.58
2008-05-02,12.82,19.64,6.05,0.06,23.89
2008-05-03,11.13,16.42,6.23,0.99,19.43
2008-05-04,9.85,15.71,5.58,2.38,14.96
2008-05-05,9.3,14.49,5.86,0.13,18.63
2008-05-06,8.44,14.64,3.77,0.04,21.03
2008-05-07,8.16,13.3,2.59,3.83,21.42
2008-05-08,5.54,8.4,2.97,2.29,9.06
2008-05-09,7.73,14.89,-0.92,0.01,26.84
2008-05-10,8.62,14.1,2.89,0.6,17.65
2008-05-11,10.21,16.73,2.99,0.0,24.53
2008-05-12,10.82,18.55,2.85,0.0,27.52
2008-05-13,10.88,18.24,3.01,0.0,29.8
2008-05-14,13.3,20.07,6.77,0.38,17.15
2008-05-15,11.41,15.38,7.29,2.59,19.77
2008-05-16,11.93,17.52,6.66,0.18,21.96
2008-05-17,14.63,20.8,8.37,0.02,28.97
2008-05-18,17.41,23.08,11.64,0.0,28.3
2008-05-19,18.31,25.4,10.44,0.0,28.59
2008-05-20,19.19,26.4,12.43,0.31,22.82
2008-05-21,21.22,28.27,14.1,0.0,25.56
2008-05-22,20.56,27.58,13.26,0.0,26.82
2008-05-23,17.38,25.13,9.12,0.0,30.03
2008-05-24,17.24,23.17,10.65,0.41,20.57
2008-05-25,14.36,19.9,9.43,1.09,18.26
2008-05-26,14.56,21.3,7.02,0.0,26.42
2008-05-27,14.29,20.94,7.42,0.0,29.8
2008-05-28,17.13,25.43,7.63,0.0,31.57
2008-05-29,17.37,24.92,8.47,0.18,25.73
2008-05-30,14.74,22.77,5.2,0.0,32.36
2008-05-31,19.27,27.0,12.33,0.0,30.96
2008-06-01,19.52,27.8,13.48,0.58,20.96
2008-06-02,17.48,24.17,11.09,0.05,29.38
2008-06-03,16.02,24.17,7.23,0.0,31.12
2008-06-04,19.83,27.58,10.96,0.0,30.24
2008-06-05,19.57,26.16,12.67,0.0,30.78
2008-06-06,18.48,24.68,12.83,0.55,24.26
2008-06-07,16.69,22.47,10.68,0.14,21.44
2008-06-08,18.85,25.37,12.09,0.03,28.48
2008-06-09,19.18,26.03,12.67,0.84,26.91
2008-06-10,15.53,21.61,11.38,1.13,18.66
2008-06-11,14.93,21.33,9.67,0.17,25.84
2008-06-12,15.81,22.66,7.47,0.04,29.15
2008-06-13,20.04,27.48,12.15,0.06,30.44
2008-06-14,20.61,27.61,13.86,0.0,28.91
2008-06-15,20.6,27.75,12.98,0.33,26.91
2008-06-16,19.46,26.6,11.87,0.05,30.29
2008-06-17,19.47,27.23,11.47,0.0,31.27
2008-06-18,19.33,27.16,10.25,0.0,32.12
2008-06-19,22.44,30.28,13.35,0.0,30.91
2008-06-20,23.79,30.87,17.05,0.01,28.03
2008-06-21,20.66,26.44,14.2,0.0,28.02
2008-06-22,19.97,26.92,12.64,0.0,29.94
2008-06-23,20.22,27.4,12.95,0.0,31.68
2008-06-24,20.7,29.08,11.43,0.0,32.46
2008-06-25,22.01,30.12,12.64,0.0,31.87
2008-06-26,22.89,30.85,13.78,0.0,31.33
2008-06-27,24.86,32.38,15.96,0.0,30.05
2008-06-28,24.88,32.18,17.1,0.77,26.25
2008-06-29,23.34,31.03,15.56,0.0,30.46
2008-06-30,21.13,28.64,13.79,0.0,31.48
2008-07-01,21.12,29.29,12.08,0.0,32.11
2008-07-02,21.81,29.56,12.95,0.0,31.02
2008-07-03,20.37,27.55,13.1,0.0,31.02
2008-07-04,21.35,29.37,11.57,0.0,31.52
2008-07-05,22.02,29.71,12.36,0.0,27.96
2008-07-06,21.83,28.76,14.85,0.01,25.42
2008-07-07,19.76,27.36,11.49,0.0,31.4
2008-07-08,21.64,29.66,13.33,0.0,31.81
2008-07-09,22.86,31.23,13.25,0.0,31.32
2008-07-10,22.08,29.67,14.51,0.0,29.52
2008-07-11,22.22,29.54,14.26,1.56,27.66
2008-07-12,21.35,27.59,15.44,2.69,26.97
2008-07-13,20.25,27.87,12.47,0.0,30.38
2008-07-14,21.33,30.42,12.19,0.0,30.86
2008-07-15,22.9,30.6,13.0,0.0,30.46
2008-07-16,25.07,33.06,16.43,0.4,24.87
2008-07-17,19.1,26.27,13.05,0.01,26.64
2008-07-18,20.01,28.31,10.87,0.0,30.54
2008-07-19,23.48,32.1,13.98,0.0,29.94
2008-07-20,23.51,32.17,13.5,0.0,29.63
2008-07-21,24.0,31.76,15.46,0.0,30.38
2008-07-22,26.48,33.79,18.15,0.0,30.12
2008-07-23,27.18,34.96,18.01,0.0,29.01
2008-07-24,26.24,33.79,19.42,0.0,29.27
2008-07-25,23.94,31.98,17.02,0.0,29.76
2008-07-26,22.63,30.82,14.19,0.0,28.23
2008-07-27,21.48,28.98,13.82,0.0,28.67
2008-07-28,22.34,29.88,13.8,0.0,26.82
2008-07-29,22.22,29.56,14.25,0.0,26.21
2008-07-30,23.23,29.92,16.29,0.0,25.9
2008-07-31,21.22,28.24,14.62,0.0,29.52
2008-08-01,20.25,28.06,12.75,0.0,29.53
2008-08-02,20.71,28.64,12.68,0.0,28.74
2008-08-03,21.01,28.75,13.64,0.0,29.27
2008-08-04,21.56,29.63,13.15,0.0,28.52
2008-08-05,22.45,29.85,15.44,0.0,28.28
2008-08-06,22.24,30.73,13.27,0.0,28.63
2008-08-07,21.65,29.5,13.08,0.0,28.28
2008-08-08,21.74,29.58,13.73,0.0,28.44
2008-08-09,23.49,31.39,15.22,0.0,28.1
2008-08-10,23.47,31.98,14.8,0.0,27.45
2008-08-11,23.28,31.19,16.82,14.0,22.03
2008-08-12,21.13,28.18,13.95,0.11,25.11
2008-08-13,22.69,29.84,14.81,0.0,26.38
2008-08-14,22.86,29.88,16.67,0.0,27.16
2008-08-15,21.4,28.52,13.66,0.0,26.55
2008-08-16,23.21,30.74,15.02,0.01,25.67
2008-08-17,25.29,32.4,17.05,0.0,26.35
2008-08-18,26.8,34.01,19.2,0.0,26.9
2008-08-19,25.48,33.81,17.0,0.0,25.97
2008-08-20,24.58,32.67,16.61,0.0,24.99
2008-08-21,26.16,34.01,18.23,0.0,23.8
2008-08-22,25.89,33.36,18.57,0.05,23.48
2008-08-23,24.4,31.98,16.31,0.0,25.04
2008-08-24,26.34,32.53,19.48,0.0,23.13
2008-08-25,25.94,32.98,18.56,0.0,23.17
2008-08-26,25.65,33.29,17.68,0.0,20.91
2008-08-27,24.68,32.09,17.15,0.11,22.19
2008-08-28,24.96,32.48,16.96,0.03,22.32
2008-08-29,25.58,31.72,18.75,0.03,19.61
2008-08-30,24.99,32.16,18.35,0.0,22.15
2008-08-31,22.11,28.62,14.9,0.01,22.8
2008-09-01,22.61,29.58,15.5,0.0,22.69
2008-09-02,22.46,29.58,15.54,0.01,20.79
2008-09-03,22.16,29.25,14.43,0.0,21.66
2008-09-04,22.86,30.37,14.84,0.0,21.33
2008-09-05,22.84,30.83,15.15,0.0,23.23
2008-09-06,22.97,30.8,15.23,0.0,23.59
2008-09-07,22.98,30.92,15.77,0.0,23.33
2008-09-08,22.72,30.61,15.24,0.0,23.33
2008-09-09,21.24,29.35,14.47,0.0,22.93
2008-09-10,19.15,26.67,12.09,0.01,22.68
2008-09-11,17.75,26.15,10.84,0.0,22.84
2008-09-12,20.62,28.84,13.1,0.0,22.16
2008-09-13,21.38,28.8,13.53,0.0,22.1
2008-09-14,22.89,29.83,16.67,0.0,19.82
2008-09-15,22.34,30.56,15.18,0.59,20.71
2008-09-16,22.23,29.46,16.16,0.03,20.69
2008-09-17,21.96,28.92,15.15,0.33,18.72
2008-09-18,17.01,22.31,12.41,0.05,14.98
2008-09-19,16.26,23.85,10.36,0.0,19.52
2008-09-20,15.37,20.46,11.74,0.97,14.58
2008-09-21,14.76,19.3,10.3,5.76,10.68
2008-09-22,14.42,19.72,11.01,3.01,16.01
2008-09-23,13.53,18.44,9.99,2.76,16.68
2008-09-24,13.97,20.22,9.0,0.13,16.1
2008-09-25,15.36,22.46,8.08,1.34,12.99
2008-09-26,13.84,17.44,11.33,9.04,13.17
2008-09-27,12.44,17.92,8.37,0.69,16.11
2008-09-28,11.76,16.96,8.15,0.08,15.79
2008-09-29,12.58,17.82,9.09,5.58,9.95
2008-09-30,9.52,14.89,5.32,2.28,13.68
2008-10-01,11.17,18.82,4.44,0.0,19.66
2008-10-02,13.69,20.87,7.05,0.0,19.35
2008-10-03,15.2,21.35,10.06,4.52,13.2
2008-10-04,15.13,21.03,10.2,1.99,15.7
2008-10-05,14.79,21.32,10.05,0.06,12.42
2008-10-06,12.44,19.43,7.26,0.01,18.4
2008-10-07,11.11,18.54,5.39,0.0,18.77
2008-10-08,11.46,18.83,5.63,0.0,18.24
2008-10-09,11.49,17.37,6.53,0.03,16.32
2008-10-10,9.79,15.87,5.05,0.0,14.81
2008-10-11,9.03,12.72,5.15,0.08,10.64
2008-10-12,9.26,15.17,5.65,0.0,11.55
2008-10-13,11.19,20.16,3.33,0.0,16.44
2008-10-14,14.57,22.25,9.32,6.24,10.5
2008-10-15,11.84,16.35,9.04,5.31,10.83
2008-10-16,10.95,15.7,7.95,0.08,12.92
2008-10-17,12.21,18.5,6.38,0.0,16.84
2008-10-18,12.28,18.82,8.07,0.0,14.09
2008-10-19,12.62,19.81,6.63,0.0,15.63
2008-10-20,12.63,19.23,8.04,0.0,15.51
2008-10-21,10.43,17.81,4.44,0.0,15.7
2008-10-22,10.15,17.6,4.72,0.0,15.23
2008-10-23,8.84,14.99,3.73,0.0,15.5
2008-10-24,6.72,13.11,1.68,0.0,12.85
2008-10-25,5.62,11.59,0.74,0.07,14.07
2008-10-26,7.23,13.43,2.99,1.11,13.38
2008-10-27,6.23,8.49,4.18,4.22,3.74
2008-10-28,7.26,10.79,5.17,0.53,4.16
2008-10-29,8.01,14.01,4.74,0.0,11.36
2008-10-30,10.83,18.48,4.33,0.0,13.96
2008-10-31,12.9,20.82,7.59,0.0,9.99
2008-11-01,11.91,17.83,6.92,0.0,13.47
2008-11-02,13.35,19.98,8.87,0.0,12.64
2008-11-03,12.49,18.78,8.32,0.0,12.49
2008-11-04,10.03,16.82,6.26,0.0,13.57
2008-11-05,9.71,16.8,5.42,0.0,14.06
2008-11-06,10.84,17.78,5.38,0.0,13.7
2008-11-07,9.75,16.79,4.78,0.0,13.16
2008-11-08,8.73,16.75,4.53,0.0,11.64
2008-11-09,6.54,13.01,1.3,0.0,12.93
2008-11-10,3.92,11.63,-0.62,0.0,12.8
2008-11-11,7.92,15.19,2.22,0.01,12.25
2008-11-12,9.46,14.51,6.16,0.78,11.31
2008-11-13,6.41,11.44,3.85,3.08,7.57
2008-11-14,6.47,12.52,3.46,0.0,8.94
2008-11-15,6.9,13.48,3.28,0.0,8.26
2008-11-16,6.01,13.06,1.45,0.0,9.58
2008-11-17,6.8,12.58,2.04,0.12,9.88
2008-11-18,6.77,11.0,3.18,7.12,3.73
2008-11-19,6.61,10.29,3.91,13.59,2.99
2008-11-20,5.77,10.61,2.67,1.74,8.67
2008-11-21,4.71,10.03,1.68,0.06,9.99
2008-11-22,7.35,11.97,2.11,2.03,6.89
2008-11-23,9.26,11.74,6.14,13.73,4.05
2008-11-24,9.03,12.58,5.78,3.36,3.28
2008-11-25,8.31,13.91,5.49,0.13,10.66
2008-11-26,8.3,14.37,4.72,0.1,10.18
2008-11-27,5.83,10.94,1.18,1.83,6.36
2008-11-28,0.19,4.08,-3.73,0.49,6.05
2008-11-29,0.76,6.0,-4.49,0.56,8.02
2008-11-30,5.95,11.88,0.88,0.22,8.14
2008-12-01,6.57,11.69,2.88,0.0,10.76
2008-12-02,7.75,14.64,2.61,0.0,9.81
2008-12-03,9.72,18.1,4.95,0.0,9.58
2008-12-04,6.95,13.14,2.28,0.0,8.11
2008-12-05,7.38,12.94,3.77,0.0,3.4
2008-12-06,9.18,17.51,5.25,0.0,9.18
2008-12-07,7.83,12.2,5.61,0.15,6.1
2008-12-08,4.97,8.66,-1.79,4.38,2.5
2008-12-09,-1.32,1.7,-3.57,1.58,5.67
2008-12-10,-1.66,3.78,-4.97,0.0,10.54
2008-12-11,-0.58,7.43,-4.19,0.0,10.73
2008-12-12,1.72,9.65,-2.33,0.0,10.23
2008-12-13,2.97,7.85,-0.46,0.88,5.74
2008-12-14,2.97,8.52,-0.68,0.01,9.8
2008-12-15,2.59,8.01,0.12,0.0,9.19
2008-12-16,1.64,6.87,-1.36,0.0,9.01
2008-12-17,3.57,8.92,-0.07,0.0,6.84
2008-12-18,4.15,7.89,1.48,0.03,3.63
2008-12-19,4.27,11.34,0.68,0.01,8.63
2008-12-20,3.87,8.59,1.07,1.91,4.74
2008-12-21,2.81,6.12,-0.47,2.37,5.15
2008-12-22,0.26,1.03,-0.54,4.04,3.17
2008-12-23,-0.08,1.92,-1.16,2.23,3.36
2008-12-24,-3.04,-1.02,-5.48,1.48,3.44
2008-12-25,-5.1,-2.07,-6.75,0.02,8.58
2008-12-26,-3.9,0.3,-6.62,0.0,10.0
2008-12-27,-2.65,0.89,-5.22,0.02,8.91
2008-12-28,-2.21,0.92,-4.22,6.74,3.48
2008-12-29,-5.77,-2.19,-10.64,1.46,3.65
2008-12-30,-8.3,-4.49,-11.81,0.01,8.14
2008-12-31,-9.82,-5.97,-12.41,0.02,5.34
2009-01-01,-8.99,-3.99,-12.31,0.0,9.94
2009-01-02,-5.62,1.84,-13.08,0.83,8.92
2009-01-03,-0.63,2.57,-4.21,7.78,4.1
2009-01-04,1.38,3.12,0.34,1.87,1.9
2009-01-05,2.13,5.04,0.06,3.01,3.59
2009-01-06,2.91,6.28,1.41,7.29,3.83
2009-01-07,-0.51,2.3,-4.39,5.45,8.19
2009-01-08,-1.2,4.65,-4.78,0.0,9.48
2009-01-09,-2.24,0.59,-4.43,0.02,7.35
2009-01-10,-0.61,5.41,-4.92,0.02,9.28
2009-01-11,-4.49,-1.77,-8.3,0.01,6.9
2009-01-12,-5.48,1.01,-10.11,0.0,11.09
2009-01-13,-3.33,5.22,-9.83,0.0,11.84
2009-01-14,0.61,6.56,-4.22,0.64,7.15
2009-01-15,2.9,9.33,-0.47,0.01,9.9
2009-01-16,1.79,4.88,0.31,9.32,3.72
2009-01-17,-0.66,2.62,-4.83,2.95,3.92
2009-01-18,-1.62,4.35,-5.09,0.0,11.46
2009-01-19,0.45,6.79,-3.4,0.0,8.57
2009-01-20,1.52,6.71,-1.74,0.0,11.2
2009-01-21,2.95,8.91,-0.64,0.0,10.88
2009-01-22,3.03,11.93,-1.04,0.0,11.82
2009-01-23,3.68,7.01,-0.11,6.37,5.47
2009-01-24,3.94,7.01,1.65,5.91,6.03
2009-01-25,5.5,8.71,2.02,10.64,6.37
2009-01-26,4.43,7.51,1.22,4.38,7.76
2009-01-27,4.54,9.94,1.52,0.42,12.28
2009-01-28,4.32,8.22,1.84,12.69,7.67
2009-01-29,1.72,3.75,-0.13,18.82,4.93
2009-01-30,0.81,4.42,-2.31,2.14,5.37
2009-01-31,-0.26,3.82,-3.1,1.21,6.52
2009-02-01,1.43,5.64,-2.68,0.05,9.78
2009-02-02,1.59,5.67,-1.11,0.0,8.24
2009-02-03,3.43,9.43,-0.35,0.0,8.76
2009-02-04,4.97,11.12,2.0,0.01,10.04
2009-02-05,5.17,9.32,3.28,0.26,8.2
2009-02-06,4.81,9.87,1.22,0.18,10.89
2009-02-07,5.4,10.12,0.89,1.54,9.57
2009-02-08,6.64,9.01,5.19,4.26,6.35
2009-02-09,6.32,9.28,2.53,13.55,3.47
2009-02-10,1.07,4.03,-2.47,2.39,6.39
2009-02-11,1.44,6.89,-3.24,0.08,11.32
2009-02-12,5.37,9.87,1.8,2.02,8.08
2009-02-13,5.44,8.92,3.07,4.49,9.34
2009-02-14,5.5,8.86,3.42,7.3,6.78
2009-02-15,0.98,3.62,-2.84,4.81,4.03
2009-02-16,-2.75,-0.02,-4.76,0.79,5.24
2009-02-17,-2.22,1.48,-4.71,0.0,8.84
2009-02-18,-0.47,3.07,-3.38,0.12,10.61
2009-02-19,0.99,4.9,-1.39,7.8,6.34
2009-02-20,-0.84,2.19,-3.36,7.13,8.75
2009-02-21,-2.56,0.88,-4.89,0.93,4.46
2009-02-22,-3.17,0.69,-5.92,0.27,6.13
2009-02-23,-1.83,1.47,-4.23,4.26,7.1
2009-02-24,-1.63,1.15,-3.72,1.59,6.3
2009-02-25,-0.95,2.64,-4.66,1.02,9.31
2009-02-26,0.34,4.83,-2.44,11.37,4.89
2009-02-27,-1.76,2.76,-4.94,0.49,10.51
2009-02-28,-2.26,2.26,-4.75,0.16,7.92
2009-03-01,-2.69,1.26,-5.35,0.0,12.37
2009-03-02,-0.58,3.71,-4.99,0.23,9.03
2009-03-03,2.03,5.91,-0.81,0.63,9.37
2009-03-04,3.72,8.59,-0.31,0.06,9.84
2009-03-05,4.18,9.73,0.28,0.06,6.09
2009-03-06,8.24,12.97,5.21,0.17,13.06
2009-03-07,8.48,13.86,4.73,3.71,6.95
2009-03-08,5.16,9.14,1.9,2.49,15.76
2009-03-09,4.38,9.68,1.01,0.09,12.7
2009-03-10,4.63,9.94,-0.22,1.6,10.72
2009-03-11,2.76,7.98,-2.7,0.12,17.69
2009-03-12,4.36,10.93,-1.49,0.02,18.37
2009-03-13,2.18,8.89,-2.47,12.05,4.73
2009-03-14,-0.88,2.47,-3.78,3.25,12.52
2009-03-15,-2.32,0.47,-5.39,2.18,9.12
2009-03-16,-2.09,0.89,-5.37,0.53,12.54
2009-03-17,-0.3,4.59,-3.26,0.01,13.64
2009-03-18,1.13,5.16,-3.0,1.02,12.63
2009-03-19,0.38,3.35,-4.85,2.29,12.09
2009-03-20,-1.56,3.92,-5.22,0.5,20.28
2009-03-21,2.35,9.78,-4.07,0.0,19.86
2009-03-22,3.1,8.83,-1.77,4.63,11.19
2009-03-23,1.34,5.02,-2.09,2.75,7.45
2009-03-24,0.6,6.95,-5.16,0.01,16.98
2009-03-25,4.25,10.25,-2.05,0.73,15.93
2009-03-26,5.15,8.76,2.59,2.85,12.27
2009-03-27,1.06,4.14,-4.18,3.49,11.95
2009-03-28,-1.57,4.35,-5.91,0.0,22.1
2009-03-29,2.37,9.57,-4.64,0.0,23.55
2009-03-30,8.44,14.39,0.98,0.0,10.52
2009-03-31,11.13,16.29,5.97,0.0,21.92
2009-04-01,13.07,18.17,8.65,0.01,21.59
2009-04-02,12.39,18.0,8.34,2.9,15.36
2009-04-03,8.01,11.49,5.38,3.3,7.4
2009-04-04,8.93,15.48,2.7,0.05,24.79
2009-04-05,8.94,15.5,4.35,2.78,17.35
2009-04-06,7.58,11.09,4.25,15.43,5.08
2009-04-07,6.19,9.94,3.69,3.01,11.8
2009-04-08,6.28,9.97,2.7,0.75,12.39
2009-04-09,6.71,12.97,1.36,0.08,18.67
2009-04-10,8.36,14.26,2.46,0.0,22.03
2009-04-11,9.41,15.19,4.41,0.03,23.6
2009-04-12,10.15,15.91,5.29,0.05,25.12
2009-04-13,11.6,19.18,5.37,0.0,24.68
2009-04-14,11.11,17.28,4.76,0.65,24.7
2009-04-15,6.23,8.81,3.46,4.37,12.74
2009-04-16,4.91,10.09,0.29,0.82,19.46
2009-04-17,4.94,11.41,-0.51,0.14,18.0
2009-04-18,6.81,13.7,-0.79,0.0,27.63
2009-04-19,10.87,17.58,3.46,0.0,26.28
2009-04-20,12.02,16.25,6.79,0.06,23.24
2009-04-21,12.2,18.34,6.33,0.5,23.01
2009-04-22,11.27,16.93,6.11,0.54,14.43
2009-04-23,7.73,13.05,2.79,1.77,14.51
2009-04-24,6.87,13.1,1.12,0.32,16.83
2009-04-25,8.77,13.64,4.31,0.01,20.85
2009-04-26,8.4,14.83,1.6,0.04,23.56
2009-04-27,6.86,11.77,1.74,3.15,14.51
2009-04-28,7.66,14.36,1.56,0.67,24.41
2009-04-29,10.71,16.02,6.56,2.09,18.51
2009-04-30,9.16,14.63,5.83,0.93,16.6
2009-05-01,10.15,16.26,4.57,0.17,21.79
2009-05-02,9.05,13.81,5.09,0.62,20.78
2009-05-03,11.4,17.66,6.07,0.06,26.05
2009-05-04,8.8,13.29,6.86,12.99,5.88
2009-05-05,7.28,9.4,5.47,11.84,5.45
2009-05-06,8.51,12.6,5.13,0.27,11.54
2009-05-07,10.1,15.64,4.73,2.99,21.99
2009-05-08,9.96,14.68,4.82,0.69,20.15
2009-05-09,8.98,15.24,2.31,0.0,29.63
2009-05-10,9.31,15.58,2.24,0.0,26.54
2009-05-11,10.52,15.24,4.96,0.0,24.05
2009-05-12,13.41,18.9,6.9,0.0,28.17
2009-05-13,14.91,21.2,7.51,0.04,27.62
2009-05-14,15.84,21.67,10.96,1.26,26.74
2009-05-15,17.41,22.9,11.53,0.0,27.71
2009-05-16,18.03,24.82,10.16,0.0,29.12
2009-05-17,19.73,26.04,12.12,0.01,29.98
2009-05-18,20.09,27.06,13.86,0.05,28.26
2009-05-19,19.55,27.04,12.81,0.7,23.54
2009-05-20,17.64,23.83,10.65,1.76,27.52
2009-05-21,15.72,20.66,11.25,7.41,20.6
2009-05-22,12.78,14.86,10.55,7.05,15.75
2009-05-23,15.0,19.72,9.74,0.59,22.86
2009-05-24,14.04,20.4,7.18,0.06,20.11
2009-05-25,13.4,19.85,7.38,0.0,30.79
2009-05-26,11.97,18.52,5.16,0.0,26.9
2009-05-27,10.45,16.97,3.98,0.0,24.72
2009-05-28,11.94,18.2,4.24,0.0,28.63
2009-05-29,15.49,22.48,7.96,0.0,31.73
2009-05-30,17.92,24.43,11.65,1.57,28.94
2009-05-31,18.42,24.36,12.41,0.0,29.22
2009-06-01,18.84,25.67,10.43,0.0,30.34
2009-06-02,21.06,27.64,13.16,0.31,29.58
2009-06-03,20.65,26.97,13.46,0.11,21.65
2009-06-04,16.26,22.56,10.61,1.34,29.42
2009-06-05,14.5,20.22,8.26,0.21,23.84
2009-06-06,15.93,22.38,8.21,0.0,31.64
2009-06-07,17.79,24.73,9.62,0.0,32.01
2009-06-08,20.91,27.08,13.29,0.0,32.03
2009-06-09,22.76,28.63,16.16,0.0,31.34
2009-06-10,22.44,29.16,14.88,0.01,26.82
2009-06-11,21.56,27.94,13.84,0.14,28.65
2009-06-12,21.84,28.63,14.84,0.02,27.19
2009-06-13,19.3,25.94,12.43,1.3,26.4
2009-06-14,15.89,21.24,11.21,0.47,16.02
2009-06-15,15.49,22.69,8.55,0.01,29.12
2009-06-16,15.8,22.81,8.37,0.0,30.98
2009-06-17,17.79,26.0,9.01,0.0,31.84
2009-06-18,18.4,24.87,10.2,0.0,28.58
2009-06-19,18.23,25.98,11.43,0.0,32.22
2009-06-20,20.47,27.38,12.01,0.0,31.15
2009-06-21,21.73,29.06,13.95,0.15,27.45
2009-06-22,21.61,28.47,14.02,0.0,29.45
2009-06-23,22.61,29.3,16.15,0.65,24.57
2009-06-24,23.14,30.77,15.41,0.3,27.51
2009-06-25,21.89,28.87,14.84,0.13,25.34
2009-06-26,20.14,27.06,13.04,0.0,29.16
2009-06-27,20.17,27.05,12.1,0.03,25.1
2009-06-28,19.92,24.77,15.1,8.84,21.17
2009-06-29,20.47,27.08,14.71,0.48,26.71
2009-06-30,20.26,27.54,13.11,0.13,29.07
2009-07-01,22.57,29.62,14.28,0.0,29.73
2009-07-02,24.78,31.72,17.22,0.1,28.63
2009-07-03,24.17,30.79,17.93,4.71,25.89
2009-07-04,21.45,27.02,15.55,1.85,21.34
2009-07-05,20.24,25.93,14.5,0.21,24.05
2009-07-06,21.48,27.33,13.27,0.52,27.26
2009-07-07,22.78,27.26,16.4,0.03,20.49
2009-07-08,23.47,29.63,16.13,0.12,26.14
2009-07-09,23.87,31.23,15.71,0.0,28.16
2009-07-10,23.99,31.66,16.09,0.0,27.55
2009-07-11,24.27,31.66,15.82,0.02,25.82
2009-07-12,23.88,30.72,17.22,0.68,25.85
2009-07-13,19.74,25.42,14.72,0.99,22.31
2009-07-14,16.95,22.7,11.82,1.36,20.28
2009-07-15,17.48,23.75,11.27,0.19,22.46
2009-07-16,18.59,23.54,14.51,0.58,12.15
2009-07-17,20.07,26.15,14.26,0.0,21.12
2009-07-18,20.58,27.53,12.97,0.0,26.48
2009-07-19,21.99,29.1,14.84,0.0,28.16
2009-07-20,22.72,29.67,15.2,0.0,29.05
2009-07-21,22.18,29.15,15.37,0.0,27.2
2009-07-22,21.2,28.43,13.87,0.0,28.76
2009-07-23,20.1,28.12,12.6,0.0,30.14
2009-07-24,20.61,28.91,12.27,0.0,29.77
2009-07-25,22.19,29.82,13.54,0.0,29.52
2009-07-26,24.12,31.95,16.18,0.0,29.41
2009-07-27,23.21,31.66,14.64,0.0,27.32
2009-07-28,20.9,28.31,15.15,0.0,28.48
2009-07-29,20.61,28.72,12.22,0.0,29.32
2009-07-30,21.0,28.72,12.41,0.0,28.6
2009-07-31,20.22,27.92,12.41,0.0,27.0
2009-08-01,19.83,26.95,13.01,0.0,26.84
2009-08-02,20.7,27.99,12.75,0.0,24.7
2009-08-03,21.73,28.58,13.79,0.0,28.1
2009-08-04,24.33,31.29,16.37,0.0,28.73
2009-08-05,26.38,33.08,18.96,0.0,28.18
2009-08-06,25.98,33.18,18.26,0.04,24.83
2009-08-07,23.63,30.19,17.08,0.16,25.85
2009-08-08,21.53,27.08,16.07,0.1,17.62
2009-08-09,20.01,26.1,13.73,0.0,24.4
2009-08-10,18.79,25.46,12.63,0.0,25.34
2009-08-11,18.25,25.46,10.86,0.0,26.88
2009-08-12,19.23,27.22,9.98,0.0,25.9
2009-08-13,19.92,26.06,12.49,0.0,22.28
2009-08-14,21.81,29.63,12.95,0.0,27.26
2009-08-15,24.34,31.51,18.34,0.0,26.83
2009-08-16,22.72,31.11,13.66,0.0,26.49
2009-08-17,21.09,28.5,13.84,0.0,26.37
2009-08-18,21.43,29.59,13.39,0.0,25.9
2009-08-19,21.38,29.89,12.66,0.0,26.76
2009-08-20,21.09,28.57,13.66,0.0,26.37
2009-08-21,19.67,27.22,12.74,0.0,26.8
2009-08-22,18.72,26.84,10.43,0.0,26.86
2009-08-23,18.16,26.64,10.04,0.0,27.02
2009-08-24,18.93,27.32,9.78,0.0,26.35
2009-08-25,21.99,29.23,15.93,0.01,22.7
2009-08-26,19.48,24.37,14.49,0.18,21.68
2009-08-27,19.16,26.69,11.11,0.0,26.04
2009-08-28,19.71,27.44,11.57,0.0,26.22
2009-08-29,21.93,28.68,14.65,0.0,25.37
2009-08-30,21.98,29.21,14.25,3.27,23.43
2009-08-31,20.92,29.42,12.44,0.0,20.26
2009-09-01,20.17,28.22,12.85,0.0,20.7
2009-09-02,19.47,27.83,12.6,0.0,23.99
2009-09-03,19.27,28.23,10.63,0.0,24.02
2009-09-04,20.98,29.33,12.8,0.0,24.15
2009-09-05,22.66,30.14,16.77,0.0,24.37
2009-09-06,21.56,29.33,15.03,0.0,24.1
2009-09-07,21.43,29.04,13.05,0.34,19.83
2009-09-08,19.43,25.06,14.68,1.41,16.81
2009-09-09,16.74,20.84,12.87,2.46,15.31
2009-09-10,17.76,24.37,11.49,0.01,20.43
2009-09-11,19.15,26.33,11.97,1.32,15.15
2009-09-12,16.79,19.71,14.58,12.33,8.36
2009-09-13,17.24,22.58,12.91,0.78,12.22
2009-09-14,17.35,23.8,12.0,0.0,20.0
2009-09-15,17.48,21.33,13.91,0.74,8.92
2009-09-16,15.87,22.32,9.64,0.0,19.17
2009-09-17,15.8,22.78,8.95,0.0,21.77
2009-09-18,18.13,23.7,12.3,0.01,16.27
2009-09-19,15.57,19.08,12.26,0.14,11.94
2009-09-20,13.22,18.03,8.22,0.33,11.86
2009-09-21,10.81,16.94,6.51,0.09,17.25
2009-09-22,12.1,18.17,7.72,0.02,16.09
2009-09-23,13.49,19.8,9.17,0.0,18.37
2009-09-24,14.74,21.63,8.09,0.0,21.58
2009-09-25,17.21,24.35,11.0,0.0,20.68
2009-09-26,16.31,22.42,11.14,0.26,17.03
2009-09-27,12.9,19.21,8.38,0.0,20.0
2009-09-28,10.7,17.71,4.68,0.0,21.1
2009-09-29,13.03,20.88,5.85,0.0,20.98
2009-09-30,15.19,22.93,8.95,0.0,20.08
2009-10-01,15.13,22.61,7.94,0.0,18.17
2009-10-02,16.58,24.37,10.54,0.0,18.93
2009-10-03,16.81,24.77,10.51,0.0,18.23
2009-10-04,16.73,24.17,10.52,0.0,18.07
2009-10-05,15.74,21.58,10.82,0.5,12.62
2009-10-06,14.55,20.52,10.97,0.61,13.68
2009-10-07,12.68,19.57,7.48,0.0,19.08
2009-10-08,13.17,20.95,6.24,0.0,17.89
2009-10-09,15.48,22.28,10.2,0.0,18.66
2009-10-10,15.58,22.92,8.68,0.0,18.38
2009-10-11,17.22,24.39,10.82,0.0,17.92
2009-10-12,15.36,22.97,9.97,0.0,17.0
2009-10-13,14.08,21.05,7.69,0.75,16.69
2009-10-14,14.11,18.6,9.17,5.54,8.42
2009-10-15,13.35,20.09,7.27,0.12,13.51
2009-10-16,14.86,20.6,9.82,0.01,14.85
2009-10-17,17.0,24.06,12.12,0.65,13.92
2009-10-18,16.01,21.84,10.58,0.25,11.02
2009-10-19,18.5,24.31,14.38,0.93,9.51
2009-10-20,17.84,24.42,13.47,0.39,10.01
2009-10-21,15.39,21.95,10.67,0.63,12.17
2009-10-22,13.02,18.8,9.25,0.0,14.58
2009-10-23,14.61,21.63,9.08,0.0,14.98
2009-10-24,15.11,22.59,9.17,0.01,13.9
2009-10-25,15.47,21.25,9.98,0.11,10.75
2009-10-26,14.07,19.41,10.42,1.03,10.9
2009-10-27,12.83,18.4,8.96,1.31,10.91
2009-10-28,11.78,16.09,8.7,1.71,8.9
2009-10-29,10.12,14.85,7.22,0.52,6.09
2009-10-30,8.76,13.15,5.82,0.57,9.02
2009-10-31,5.99,8.71,3.87,10.27,3.2
2009-11-01,4.6,7.77,2.39,5.99,4.23
2009-11-02,1.72,5.12,-1.03,1.65,5.15
2009-11-03,2.94,8.6,-1.81,0.01,10.92
2009-11-04,8.17,11.47,4.78,22.72,4.12
2009-11-05,7.87,14.63,1.55,0.07,13.96
2009-11-06,8.94,15.4,3.76,0.0,10.41
2009-11-07,12.06,20.23,6.82,0.0,12.79
2009-11-08,10.78,18.1,5.8,0.01,8.78
2009-11-09,10.8,16.88,6.84,0.11,11.06
2009-11-10,9.05,16.41,5.38,0.51,12.48
2009-11-11,8.3,13.25,4.4,11.09,4.96
2009-11-12,5.94,10.32,3.83,4.29,5.27
2009-11-13,5.07,9.24,1.33,0.21,5.81
2009-11-14,2.77,7.15,0.08,0.01,5.78
2009-11-15,5.46,10.85,0.73,0.1,11.93
2009-11-16,4.85,8.87,2.04,0.31,6.91
2009-11-17,4.36,9.44,0.91,0.0,7.34
2009-11-18,2.75,7.45,-0.28,0.0,11.71
2009-11-19,3.84,9.94,-0.14,0.0,11.91
2009-11-20,5.78,12.13,1.73,0.0,10.79
2009-11-21,5.37,12.2,0.39,0.0,12.09
2009-11-22,6.28,12.69,2.44,0.0,11.39
2009-11-23,8.5,15.95,2.87,0.0,11.83
2009-11-24,8.72,15.12,5.16,0.0,9.62
2009-11-25,5.41,11.79,0.83,0.0,10.37
2009-11-26,4.17,10.85,0.38,0.0,11.11
2009-11-27,5.77,12.39,1.7,0.0,11.51
2009-11-28,5.45,12.66,0.81,0.0,10.86
2009-11-29,4.99,11.34,1.19,0.19,6.74
2009-11-30,4.9,11.54,1.03,0.0,11.27
2009-12-01,5.61,13.49,-0.17,0.0,9.81
2009-12-02,4.6,13.17,0.27,0.0,10.44
2009-12-03,3.73,9.04,-0.15,17.66,2.74
2009-12-04,5.74,10.5,3.01,2.23,6.52
2009-12-05,4.91,7.2,2.26,5.76,3.24
2009-12-06,3.9,8.02,1.78,1.71,5.32
2009-12-07,2.72,6.21,-0.8,0.21,3.84
2009-12-08,0.63,5.85,-2.3,0.0,8.13
2009-12-09,2.87,8.69,-1.59,0.02,9.19
2009-12-10,4.73,7.64,2.88,3.27,4.64
2009-12-11,3.29,4.79,1.9,16.83,2.28
2009-12-12,3.48,7.08,1.27,0.99,5.98
2009-12-13,2.18,5.23,-2.79,11.57,5.64
2009-12-14,-0.77,4.37,-3.36,0.0,9.07
2009-12-15,1.99,6.5,-3.03,8.3,5.98
2009-12-16,1.85,3.9,-0.24,14.81,2.69
2009-12-17,2.46,6.76,0.18,1.06,4.62
2009-12-18,2.98,7.07,-0.82,5.35,4.28
2009-12-19,3.52,6.79,0.77,1.51,7.31
2009-12-20,6.43,9.98,3.06,0.5,6.99
2009-12-21,3.25,8.03,-3.73,18.94,4.53
2009-12-22,-0.79,4.4,-4.25,0.0,9.14
2009-12-23,3.61,9.79,-0.51,0.0,6.35
2009-12-24,5.71,12.47,1.78,0.0,9.29
2009-12-25,6.02,13.39,0.73,0.12,6.32
2009-12-26,6.87,11.84,4.22,2.01,7.23
2009-12-27,7.54,12.28,4.38,1.12,5.17
2009-12-28,7.66,10.56,5.75,2.82,3.51
2009-12-29,4.16,7.96,-1.38,4.0,3.1
2009-12-30,-0.26,4.53,-3.07,0.0,10.61
2009-12-31,2.45,9.26,-2.49,0.0,8.61
2010-01-01,6.17,11.55,1.8,0.04,10.14
2010-01-02,5.59,9.73,2.37,2.31,6.03
2010-01-03,3.17,5.75,0.66,3.0,4.12
2010-01-04,-0.96,2.14,-5.74,0.78,6.07
2010-01-05,-1.33,4.94,-5.35,0.0,10.62
2010-01-06,2.48,7.65,-1.25,0.0,5.01
2010-01-07,4.86,10.86,1.73,0.0,7.18
2010-01-08,5.6,12.36,0.86,0.0,10.13
2010-01-09,5.6,11.56,2.4,0.0,5.08
2010-01-10,4.97,9.47,2.51,0.07,7.67
2010-01-11,3.08,5.41,-0.12,1.71,8.25
2010-01-12,2.21,6.4,-0.29,1.57,4.19
2010-01-13,2.26,5.66,-0.01,2.59,6.04
2010-01-14,3.5,6.97,1.77,3.84,5.7
2010-01-15,3.48,6.99,1.76,1.86,5.78
2010-01-16,3.26,6.75,1.61,1.47,4.0
2010-01-17,4.0,7.31,2.1,2.56,3.21
2010-01-18,2.91,5.91,0.7,0.04,5.71
2010-01-19,3.14,5.92,1.09,3.21,4.13
2010-01-20,1.02,4.6,-1.7,3.74,5.8
2010-01-21,-0.99,2.19,-3.49,0.88,6.2
2010-01-22,0.86,3.12,-2.72,10.96,3.33
2010-01-23,0.52,4.37,-5.7,4.14,6.87
2010-01-24,-4.81,-1.53,-6.52,0.01,4.44
2010-01-25,-7.13,-5.17,-10.0,0.0,7.48
2010-01-26,-9.07,-4.09,-12.46,0.0,11.32
2010-01-27,-5.56,0.95,-13.04,1.26,10.59
2010-01-28,-1.14,1.61,-3.07,10.77,5.36
2010-01-29,1.11,3.5,-2.83,1.21,7.0
2010-01-30,1.6,4.0,-0.61,0.52,5.9
2010-01-31,2.88,7.35,-0.29,3.43,7.13
2010-02-01,2.17,7.46,-1.06,0.5,12.25
2010-02-02,3.4,7.78,-0.3,4.4,9.2
2010-02-03,-4.89,-0.98,-7.46,1.57,7.39
2010-02-04,-5.32,-1.25,-8.75,0.02,9.52
2010-02-05,-5.45,-2.29,-7.56,0.04,8.03
2010-02-06,-3.12,3.59,-8.77,0.01,14.47
2010-02-07,0.02,2.54,-3.32,3.78,4.72
2010-02-08,1.59,3.81,0.1,24.46,3.68
2010-02-09,1.06,4.26,-0.54,2.15,8.01
2010-02-10,1.83,6.31,-1.36,2.4,9.13
2010-02-11,3.11,7.18,0.14,4.31,11.2
2010-02-12,4.37,8.49,1.46,3.62,11.8
2010-02-13,5.26,9.33,2.24,0.15,10.42
2010-02-14,6.88,12.78,3.76,0.35,11.71
2010-02-15,8.07,13.52,4.97,0.01,8.3
2010-02-16,7.06,11.85,3.97,0.0,14.05
2010-02-17,6.43,12.57,2.6,0.0,11.62
2010-02-18,6.9,13.41,2.11,0.7,13.71
2010-02-19,7.11,11.64,3.89,3.12,15.65
2010-02-20,8.39,15.17,3.84,0.13,8.64
2010-02-21,6.1,10.98,1.19,9.36,7.28
2010-02-22,2.67,7.1,-1.72,0.5,14.47
2010-02-23,3.94,9.12,0.17,0.15,13.94
2010-02-24,4.04,9.0,0.56,2.1,7.02
2010-02-25,4.47,8.57,1.77,5.56,10.05
2010-02-26,4.14,7.9,1.4,3.43,7.57
2010-02-27,3.5,9.47,-0.28,8.24,9.89
2010-02-28,2.61,7.1,-0.16,4.68,6.59
2010-03-01,5.07,11.4,-0.49,0.0,16.27
2010-03-02,8.71,15.78,3.25,0.24,17.94
2010-03-03,2.99,6.53,-2.58,0.95,12.51
2010-03-04,1.33,5.01,-2.65,0.0,9.38
2010-03-05,6.2,10.97,2.69,0.54,10.25
2010-03-06,6.56,11.73,2.7,1.65,10.45
2010-03-07,5.58,10.81,-0.5,1.93,8.24
2010-03-08,8.84,13.65,4.66,0.98,9.84
2010-03-09,10.43,14.3,4.87,1.25,10.53
2010-03-10,7.44,12.82,2.79,0.0,14.07
2010-03-11,9.54,15.39,5.21,0.0,11.43
2010-03-12,8.14,12.97,4.73,0.0,15.17
2010-03-13,6.57,11.9,2.16,0.0,17.49
2010-03-14,6.91,13.8,1.18,5.09,11.21
2010-03-15,3.2,8.77,-2.18,1.73,10.57
2010-03-16,-0.25,5.56,-4.79,0.0,17.77
2010-03-17,1.36,8.66,-3.54,0.0,22.13
2010-03-18,-1.36,4.08,-5.45,0.0,20.59
2010-03-19,0.52,6.46,-4.16,0.0,22.34
2010-03-20,2.71,8.82,-2.69,0.0,23.14
2010-03-21,7.56,14.73,1.04,0.0,23.41
2010-03-22,9.06,15.99,3.11,0.0,22.92
2010-03-23,9.5,17.07,3.5,0.0,22.01
2010-03-24,10.83,17.5,5.64,0.0,19.5
2010-03-25,9.37,15.91,4.32,0.73,17.02
2010-03-26,8.16,14.48,3.47,0.13,20.81
2010-03-27,8.74,15.48,1.83,0.0,22.82
2010-03-28,9.36,16.15,3.31,5.8,22.1
2010-03-29,4.0,6.94,1.13,1.89,10.4
2010-03-30,4.89,10.29,-0.04,0.34,9.78
2010-03-31,7.4,14.64,0.87,0.0,15.7
2010-04-01,8.83,15.83,2.27,0.01,19.66
2010-04-02,9.99,16.48,4.49,0.51,17.86
2010-04-03,8.66,14.45,4.33,0.47,17.54
2010-04-04,7.65,14.15,2.33,0.0,23.66
2010-04-05,9.81,16.86,2.49,0.0,25.42
2010-04-06,10.82,18.14,4.43,2.55,22.79
2010-04-07,4.27,8.81,1.43,3.66,14.05
2010-04-08,4.1,9.03,-0.09,0.08,9.24
2010-04-09,4.23,10.04,-0.84,0.0,18.09
2010-04-10,5.48,12.59,-0.85,0.0,22.94
2010-04-11,5.25,8.65,2.09,11.7,5.7
2010-04-12,5.37,10.97,0.72,0.45,16.75
2010-04-13,6.25,13.69,-1.6,0.0,25.8
2010-04-14,8.82,13.92,3.88,0.39,16.85
2010-04-15,11.03,16.15,5.35,0.0,20.92
2010-04-16,12.84,18.06,7.77,0.04,23.62
2010-04-17,13.78,19.04,9.4,0.56,22.1
2010-04-18,12.47,17.71,8.94,1.95,17.45
2010-04-19,13.93,19.45,8.16,0.03,22.25
2010-04-20,12.24,16.77,7.84,1.75,17.9
2010-04-21,8.7,12.96,4.98,5.16,15.45
2010-04-22,7.21,13.02,1.75,0.0,21.94
2010-04-23,9.61,16.21,2.94,0.0,27.74
2010-04-24,12.72,19.2,5.85,0.0,26.9
2010-04-25,14.22,19.23,10.26,0.04,21.15
2010-04-26,11.46,16.48,8.41,2.01,14.3
2010-04-27,9.76,13.17,5.49,4.33,15.48
2010-04-28,10.46,16.39,6.21,0.07,23.82
2010-04-29,9.67,15.66,3.49,3.24,24.21
2010-04-30,9.72,16.24,3.36,0.08,28.44
2010-05-01,10.91,16.92,3.26,0.0,28.83
2010-05-02,12.96,19.41,7.02,0.0,29.15
2010-05-03,13.99,20.92,6.2,0.0,29.4
2010-05-04,15.18,22.54,8.88,0.0,29.48
2010-05-05,14.94,22.51,7.94,0.0,29.81
2010-05-06,16.37,22.93,8.2,0.0,22.11
2010-05-07,18.12,25.16,11.65,0.0,27.3
2010-05-08,16.81,23.05,10.84,0.0,26.9
2010-05-09,16.92,23.52,12.12,1.71,10.51
2010-05-10,13.4,20.06,7.82,0.03,28.73
2010-05-11,13.85,21.24,6.06,0.0,30.15
2010-05-12,17.2,23.52,9.04,0.0,29.36
2010-05-13,20.12,26.24,14.75,0.0,27.27
2010-05-14,18.87,26.08,13.09,0.01,27.87
2010-05-15,18.32,22.7,12.81,0.38,12.99
2010-05-16,19.76,25.91,12.94,0.0,24.31
2010-05-17,13.91,20.26,7.79,0.0,30.46
2010-05-18,11.64,17.38,7.02,1.16,23.38
2010-05-19,11.73,17.82,6.55,0.98,20.49
2010-05-20,11.88,17.8,6.78,0.83,20.88
2010-05-21,11.64,17.53,7.04,6.11,16.38
2010-05-22,9.82,15.62,6.15,7.66,14.01
2010-05-23,10.42,15.12,5.6,0.9,14.85
2010-05-24,13.06,18.54,6.75,1.04,24.0
2010-05-25,14.92,19.86,10.06,4.09,22.05
2010-05-26,16.4,23.08,7.98,0.07,28.92
2010-05-27,17.03,23.75,12.45,2.61,21.98
2010-05-28,17.53,23.91,9.85,0.05,28.8
2010-05-29,19.39,26.12,12.53,0.0,26.8
2010-05-30,20.2,26.06,12.88,0.0,28.12
2010-05-31,20.02,26.02,14.66,5.16,19.46
2010-06-01,19.22,25.76,12.87,0.01,20.75
2010-06-02,19.02,25.07,13.55,0.0,27.39
2010-06-03,18.19,24.66,11.93,0.09,26.97
2010-06-04,19.31,26.37,13.22,0.0,29.86
2010-06-05,19.28,26.31,12.42,0.0,28.56
2010-06-06,18.43,23.58,12.42,10.66,24.4
2010-06-07,13.46,16.19,10.52,9.3,19.03
2010-06-08,14.76,19.81,9.72,0.84,23.54
2010-06-09,16.49,21.41,12.35,9.57,15.32
2010-06-10,16.18,19.71,13.12,3.8,19.91
2010-06-11,16.19,21.12,11.51,5.24,18.17
2010-06-12,18.15,24.13,11.59,0.71,25.74
2010-06-13,20.78,28.01,13.7,0.08,29.09
2010-06-14,20.16,27.11,12.73,1.24,20.63
2010-06-15,21.16,28.6,14.06,0.19,29.22
2010-06-16,20.92,28.72,12.99,0.0,30.19
2010-06-17,21.21,28.28,13.94,0.0,30.38
2010-06-18,19.89,26.21,13.3,0.01,28.79
2010-06-19,21.11,27.58,13.0,1.36,26.67
2010-06-20,21.53,27.88,14.78,1.27,27.92
2010-06-21,21.3,27.82,14.55,0.01,30.35
2010-06-22,20.01,26.3,13.78,0.25,29.89
2010-06-23,15.59,21.15,10.37,6.98,20.56
2010-06-24,15.45,20.84,9.78,2.5,15.41
2010-06-25,15.57,19.74,12.29,10.97,11.43
2010-06-26,16.74,22.23,11.25,0.24,23.15
2010-06-27,17.26,22.39,12.47,2.84,23.05
2010-06-28,16.53,21.28,11.31,3.52,19.07
2010-06-29,17.9,23.21,12.86,0.0,26.99
2010-06-30,19.72,26.22,12.47,0.33,26.63
2010-07-01,20.1,26.02,13.36,0.51,27.64
2010-07-02,20.47,27.19,12.81,0.0,30.19
2010-07-03,21.55,28.07,13.65,0.0,29.14
2010-07-04,23.55,30.98,14.86,0.21,27.57
2010-07-05,23.67,31.08,15.87,0.15,28.4
2010-07-06,22.64,30.46,15.19,10.79,27.43
2010-07-07,22.29,29.87,14.3,0.05,28.45
2010-07-08,22.58,29.52,15.0,0.51,24.6
2010-07-09,21.05,27.98,15.38,0.1,23.22
2010-07-10,20.94,28.39,12.58,0.0,27.27
2010-07-11,22.49,30.61,14.09,0.0,29.11
2010-07-12,24.0,31.99,14.87,0.0,29.73
2010-07-13,23.72,31.79,15.45,0.0,29.6
2010-07-14,22.14,29.48,14.54,0.0,29.88
2010-07-15,22.13,28.86,14.75,0.01,28.1
2010-07-16,20.93,26.96,14.9,1.72,26.84
2010-07-17,20.89,27.57,13.97,0.0,29.75
2010-07-18,21.5,28.72,13.27,0.0,29.91
2010-07-19,23.0,29.6,15.3,1.38,26.62
2010-07-20,22.73,28.57,15.48,3.7,25.15
2010-07-21,22.95,29.79,15.52,0.0,25.69
2010-07-22,22.83,29.68,14.96,0.0,26.94
2010-07-23,22.84,28.68,16.7,0.46,26.75
2010-07-24,21.52,28.07,14.18,0.0,28.34
2010-07-25,23.62,30.83,16.42,0.0,27.07
2010-07-26,23.88,31.52,17.17,0.09,26.99
2010-07-27,23.47,31.78,15.52,0.0,29.13
2010-07-28,23.48,31.51,16.19,0.0,28.04
2010-07-29,23.54,31.47,16.5,0.0,25.88
2010-07-30,25.59,33.34,17.56,0.0,27.94
2010-07-31,27.85,36.3,19.81,0.0,27.67
2010-08-01,28.19,36.25,20.42,0.0,26.39
2010-08-02,26.94,35.59,18.56,0.0,26.71
2010-08-03,26.48,35.39,17.67,0.01,27.27
2010-08-04,28.68,36.03,21.6,0.84,24.13
2010-08-05,27.88,34.94,20.83,0.2,19.95
2010-08-06,27.55,35.19,20.63,0.06,25.47
2010-08-07,27.04,34.23,19.78,0.0,26.23
2010-08-08,27.27,35.39,18.86,0.21,26.46
2010-08-09,27.63,34.75,21.3,0.94,25.36
2010-08-10,26.3,32.52,19.33,0.56,23.34
2010-08-11,25.87,33.1,19.05,0.0,25.62
2010-08-12,25.4,33.58,17.2,0.0,26.73
2010-08-13,26.22,34.1,18.0,0.0,26.91
2010-08-14,26.18,33.64,18.45,0.0,26.57
2010-08-15,25.24,33.06,17.66,0.0,26.66
2010-08-16,24.79,32.17,17.06,0.0,26.59
2010-08-17,25.78,32.87,17.4,0.0,26.25
2010-08-18,26.32,33.7,19.6,0.0,25.46
2010-08-19,25.06,33.53,16.6,0.0,25.38
2010-08-20,25.22,34.14,16.35,0.0,25.25
2010-08-21,22.9,30.08,16.23,0.0,25.15
2010-08-22,20.76,27.62,15.32,0.0,26.71
2010-08-23,20.75,28.19,13.21,0.0,26.99
2010-08-24,23.07,30.52,15.1,0.0,27.17
2010-08-25,22.67,30.99,14.97,0.0,26.93
2010-08-26,20.88,29.32,12.87,0.0,26.72
2010-08-27,21.34,28.91,13.05,0.0,26.1
2010-08-28,24.7,31.52,17.04,0.0,25.77
2010-08-29,25.43,33.05,17.99,0.0,24.56
2010-08-30,24.66,33.37,16.09,0.0,24.26
2010-08-31,24.85,33.12,17.73,0.02,22.41
2010-09-01,21.06,27.07,15.13,5.94,21.6
2010-09-02,16.3,22.83,11.64,0.05,24.76
2010-09-03,17.67,26.46,8.59,0.0,24.62
2010-09-04,21.41,29.17,12.56,0.0,24.29
2010-09-05,22.02,29.55,14.92,0.0,23.26
2010-09-06,20.83,28.85,14.49,2.86,21.17
2010-09-07,19.2,26.22,13.78,0.05,18.9
2010-09-08,19.56,27.39,12.0,0.0,23.09
2010-09-09,21.7,28.72,15.46,0.0,23.66
2010-09-10,20.96,28.32,13.25,0.0,23.65
2010-09-11,21.73,29.53,14.03,0.0,23.53
2010-09-12,20.88,27.66,14.62,1.37,22.22
2010-09-13,17.33,23.11,12.3,2.25,14.64
2010-09-14,15.71,22.78,10.1,0.0,22.49
2010-09-15,17.38,25.73,9.68,0.0,22.23
2010-09-16,20.49,28.02,13.29,0.0,22.07
2010-09-17,20.47,27.76,14.12,0.92,18.23
2010-09-18,19.01,26.83,12.49,0.0,22.24
2010-09-19,20.99,29.61,13.0,0.0,22.27
2010-09-20,22.53,29.87,16.4,0.0,19.84
2010-09-21,19.29,26.71,13.83,0.22,18.39
2010-09-22,18.38,25.14,13.37,1.56,17.2
2010-09-23,18.56,25.7,11.91,0.05,18.24
2010-09-24,19.46,27.8,13.45,0.0,18.84
2010-09-25,19.12,25.88,13.62,0.17,20.12
2010-09-26,19.81,25.61,14.24,0.0,15.99
2010-09-27,20.14,26.81,14.96,0.0,18.64
2010-09-28,18.18,25.06,12.52,0.0,19.42
2010-09-29,20.04,26.82,13.25,0.0,16.47
2010-09-30,18.17,21.62,12.8,2.65,10.01
2010-10-01,15.77,22.79,10.54,0.09,19.03
2010-10-02,11.85,17.12,7.99,1.85,13.39
2010-10-03,9.74,16.32,4.79,0.03,18.89
2010-10-04,9.38,16.53,4.85,0.0,18.61
2010-10-05,9.59,16.14,3.48,0.01,19.07
2010-10-06,12.58,19.46,5.94,0.0,18.63
2010-10-07,10.01,17.28,5.77,2.72,5.82
2010-10-08,5.99,9.54,2.49,4.46,4.21
2010-10-09,4.86,9.24,1.21,0.87,9.62
2010-10-10,6.81,14.86,-0.06,0.0,18.1
2010-10-11,9.23,14.95,2.67,0.04,17.94
2010-10-12,10.51,14.15,8.03,1.45,5.33
2010-10-13,14.21,19.39,9.26,2.69,9.72
2010-10-14,14.62,18.29,12.33,7.05,6.07
2010-10-15,14.25,19.42,10.28,4.37,10.36
2010-10-16,12.68,16.85,9.8,5.3,10.91
2010-10-17,13.1,19.23,8.0,0.06,14.34
2010-10-18,13.37,18.78,8.53,3.2,10.7
2010-10-19,13.62,17.54,10.46,6.74,7.07
2010-10-20,12.28,16.63,9.08,16.04,4.44
2010-10-21,13.05,19.41,8.05,0.0,15.53
2010-10-22,11.78,15.48,8.31,0.02,9.42
2010-10-23,9.63,15.43,5.36,0.0,8.03
2010-10-24,8.62,16.32,3.75,0.0,12.8
2010-10-25,11.25,18.31,4.83,0.0,15.51
2010-10-26,12.97,18.95,8.68,0.87,11.38
2010-10-27,11.84,17.02,8.63,3.16,6.28
2010-10-28,11.95,18.38,6.8,21.51,3.58
2010-10-29,5.66,9.11,1.98,1.81,5.68
2010-10-30,4.77,10.93,1.53,0.0,11.06
2010-10-31,5.47,13.94,-0.31,0.0,14.6
2010-11-01,5.93,13.7,1.39,0.0,15.53
2010-11-02,7.09,16.61,0.94,0.0,15.43
2010-11-03,8.64,17.75,2.89,0.0,15.15
2010-11-04,8.99,16.23,5.36,0.0,14.91
2010-11-05,9.29,16.89,4.41,0.01,14.07
2010-11-06,10.32,18.27,3.68,0.0,14.1
2010-11-07,10.76,18.09,5.84,0.0,13.43
2010-11-08,9.72,17.58,3.53,0.0,13.28
2010-11-09,10.06,18.24,5.24,0.0,10.04
2010-11-10,10.58,18.56,6.2,0.0,10.61
2010-11-11,10.43,18.13,4.95,0.0,13.4
2010-11-12,11.97,19.6,6.01,0.0,12.38
2010-11-13,12.48,18.26,9.49,0.0,9.54
2010-11-14,12.58,19.28,8.48,0.0,11.78
2010-11-15,12.51,19.91,7.79,0.0,8.84
2010-11-16,11.9,17.05,9.05,0.04,7.85
2010-11-17,12.07,18.58,7.92,0.0,10.72
2010-11-18,11.53,17.54,6.99,0.0,11.53
2010-11-19,11.17,17.79,7.59,0.0,11.82
2010-11-20,10.4,17.35,5.91,0.0,11.57
2010-11-21,8.24,15.23,4.09,0.0,10.57
2010-11-22,6.86,13.62,2.82,0.0,11.29
2010-11-23,8.67,15.52,3.88,0.1,6.65
2010-11-24,9.82,12.9,5.77,1.99,4.23
2010-11-25,8.48,13.13,5.13,2.41,5.79
2010-11-26,9.26,13.16,6.33,6.92,5.19
2010-11-27,9.64,13.35,7.45,0.0,7.44
2010-11-28,10.47,17.24,6.82,0.0,10.16
2010-11-29,11.09,18.5,7.08,0.0,5.28
2010-11-30,10.04,16.22,6.03,0.0,7.54
2010-12-01,9.8,16.57,5.53,0.0,9.58
2010-12-02,9.71,13.79,6.85,0.25,3.75
2010-12-03,10.88,18.13,7.46,0.33,8.94
2010-12-04,9.22,17.43,5.11,0.0,9.35
2010-12-05,6.35,12.01,0.77,3.79,6.07
2010-12-06,2.34,6.37,0.3,0.1,4.74
2010-12-07,4.46,11.88,-0.33,0.0,10.18
2010-12-08,6.55,13.07,1.82,0.0,10.17
2010-12-09,7.1,13.42,2.47,0.06,7.39
2010-12-10,6.75,9.79,-0.42,16.26,4.56
2010-12-11,-2.29,-0.62,-4.25,11.37,2.26
2010-12-12,-3.84,-1.29,-7.02,3.23,2.38
2010-12-13,-3.26,1.29,-8.29,1.73,5.21
2010-12-14,2.58,4.23,0.34,6.09,3.44
2010-12-15,1.77,4.84,-0.76,1.83,5.9
2010-12-16,4.72,7.32,1.98,9.13,2.88
2010-12-17,5.22,8.34,2.02,10.07,7.76
2010-12-18,1.28,5.81,-2.07,0.69,8.09
2010-12-19,2.44,7.41,-1.78,0.67,6.13
2010-12-20,4.88,10.42,1.6,0.79,6.65
2010-12-21,4.64,10.68,2.21,0.0,7.23
2010-12-22,4.68,11.11,1.54,0.0,8.99
2010-12-23,5.35,11.92,1.16,0.0,8.42
2010-12-24,5.18,11.84,1.07,0.0,8.32
2010-12-25,5.65,11.48,1.66,0.0,5.48
2010-12-26,7.28,12.28,4.64,0.01,6.89
2010-12-27,7.27,12.44,4.63,0.0,6.12
2010-12-28,5.92,11.69,1.88,0.51,6.43
2010-12-29,5.29,11.23,2.46,3.6,8.78
2010-12-30,1.2,3.19,-1.52,4.46,3.75
2010-12-31,-1.36,2.44,-3.19,0.25,4.95
2011-01-01,-1.65,3.83,-4.54,0.0,7.7
2011-01-02,0.46,5.97,-3.76,0.11,6.13
2011-01-03,3.17,6.56,0.88,2.53,3.04
2011-01-04,2.25,5.71,-1.17,1.42,4.23
2011-01-05,0.51,5.36,-2.46,0.54,4.35
2011-01-06,0.27,5.55,-2.75,0.56,5.36
2011-01-07,-2.1,1.22,-4.14,1.21,4.59
2011-01-08,-2.66,1.33,-4.69,0.0,9.02
2011-01-09,-1.24,3.99,-4.71,0.0,8.04
2011-01-10,0.13,4.75,-2.21,0.01,7.32
2011-01-11,0.44,5.83,-2.99,0.0,7.53
2011-01-12,2.0,6.46,-0.52,0.03,8.14
2011-01-13,1.87,6.87,-0.8,0.0,7.61
2011-01-14,1.64,6.53,-0.98,0.0,5.63
2011-01-15,0.16,4.48,-1.83,0.0,6.4
2011-01-16,-0.58,2.66,-2.75,0.0,8.48
2011-01-17,0.01,5.22,-3.09,0.0,7.6
2011-01-18,-0.25,4.88,-2.64,0.0,10.14
2011-01-19,0.98,7.16,-2.42,0.0,11.3
2011-01-20,3.09,9.3,-0.45,0.02,10.65
2011-01-21,1.7,7.4,-1.47,0.22,9.97
2011-01-22,1.75,5.55,0.09,0.21,8.36
2011-01-23,3.31,7.21,0.57,0.27,5.37
2011-01-24,3.43,6.97,1.94,4.04,5.72
2011-01-25,1.11,3.49,-2.5,16.49,3.61
2011-01-26,-1.89,1.48,-4.47,1.32,8.14
2011-01-27,-3.43,1.06,-7.06,0.0,11.35
2011-01-28,-2.07,3.78,-6.26,2.97,4.51
2011-01-29,-1.98,0.22,-3.93,7.3,2.97
2011-01-30,-3.71,-0.64,-5.86,0.28,3.59
2011-01-31,-5.93,-2.72,-8.53,0.02,4.28
2011-02-01,-7.17,-3.39,-10.51,0.01,9.88
2011-02-02,-6.36,-1.33,-9.73,0.0,12.51
2011-02-03,-2.95,2.79,-8.17,1.75,11.22
2011-02-04,-0.75,3.32,-3.53,3.29,11.67
2011-02-05,-1.33,4.69,-6.12,0.01,13.13
2011-02-06,0.75,7.91,-5.08,0.0,13.74
2011-02-07,0.56,5.67,-2.7,0.0,13.49
2011-02-08,1.35,6.95,-2.15,0.0,14.67
2011-02-09,1.98,8.43,-2.89,0.0,14.5
2011-02-10,-1.37,3.5,-4.43,0.0,14.71
2011-02-11,-3.09,1.15,-7.11,0.0,15.1
2011-02-12,0.4,8.1,-5.39,0.0,15.4
2011-02-13,1.93,6.23,-0.73,0.05,10.99
2011-02-14,2.13,6.96,-1.22,0.78,9.72
2011-02-15,2.07,6.8,-1.59,0.97,7.7
2011-02-16,-0.13,5.1,-3.06,0.0,6.82
2011-02-17,1.99,7.74,-2.49,0.0,15.42
2011-02-18,4.77,12.4,-0.23,0.08,15.2
2011-02-19,3.8,9.46,1.28,14.07,5.77
2011-02-20,1.87,6.66,-2.16,3.7,6.56
2011-02-21,0.57,6.36,-3.56,0.01,9.83
2011-02-22,3.52,9.13,-0.51,3.02,5.96
2011-02-23,4.09,8.73,1.84,2.34,12.83
2011-02-24,4.3,9.11,0.5,2.22,9.26
2011-02-25,3.49,6.81,0.59,6.7,8.1
2011-02-26,2.47,5.73,-1.68,3.01,4.81
2011-02-27,2.51,8.1,-2.55,0.62,9.69
2011-02-28,3.17,7.33,0.36,1.62,7.61
2011-03-01,3.33,9.96,-1.11,0.03,9.66
2011-03-02,3.59,10.93,-2.09,0.0,15.6
2011-03-03,4.46,11.57,-2.12,0.0,13.43
2011-03-04,5.5,12.55,-1.0,0.0,17.25
2011-03-05,4.51,11.81,-2.15,0.0,17.45
2011-03-06,5.96,10.67,1.78,7.5,8.48
2011-03-07,1.51,5.72,-1.79,5.26,6.62
2011-03-08,-3.02,-1.05,-4.86,8.75,3.36
2011-03-09,-4.98,-2.54,-6.32,3.12,3.1
2011-03-10,-5.12,-1.22,-7.73,0.04,8.43
2011-03-11,-4.67,-0.63,-7.95,0.0,9.5
2011-03-12,-2.09,2.93,-6.03,0.0,20.54
2011-03-13,0.49,6.92,-4.07,0.0,20.59
2011-03-14,4.54,12.24,-1.78,0.0,21.14
2011-03-15,7.43,14.73,1.0,0.0,20.13
2011-03-16,8.89,16.29,2.52,0.0,20.66
2011-03-17,10.71,18.03,4.69,0.06,20.25
2011-03-18,8.19,12.74,5.36,10.35,5.27
2011-03-19,8.24,14.29,2.78,0.33,19.7
2011-03-20,6.23,9.8,1.39,0.38,11.63
2011-03-21,4.49,8.82,0.47,0.72,7.4
2011-03-22,2.24,7.26,-1.69,0.05,8.02
2011-03-23,1.05,6.01,-3.25,0.0,12.51
2011-03-24,0.72,6.88,-4.54,0.0,18.07
2011-03-25,3.12,9.35,-3.89,0.0,23.04
2011-03-26,6.08,14.32,-1.26,0.0,23.7
2011-03-27,6.23,11.5,0.95,0.0,20.48
2011-03-28,7.15,11.9,3.14,0.03,15.29
2011-03-29,8.48,14.55,2.66,0.0,19.52
2011-03-30,7.54,12.47,3.43,0.83,17.59
2011-03-31,8.79,13.55,4.42,0.21,14.26
2011-04-01,8.57,12.79,4.85,2.33,13.68
2011-04-02,8.02,12.24,4.18,7.22,9.87
2011-04-03,6.99,11.29,3.14,4.95,14.7
2011-04-04,6.33,9.69,3.11,4.7,13.44
2011-04-05,6.34,12.54,1.23,2.77,16.26
2011-04-06,5.96,11.19,2.09,0.79,18.36
2011-04-07,6.59,11.18,2.66,0.13,16.46
2011-04-08,9.09,15.71,2.63,0.03,23.82
2011-04-09,9.63,15.47,5.04,1.22,16.79
2011-04-10,7.27,12.57,-0.64,2.11,16.83
2011-04-11,2.13,7.62,-1.96,0.14,18.46
2011-04-12,0.51,5.76,-4.35,0.04,19.42
2011-04-13,6.07,13.67,-1.84,0.0,20.6
2011-04-14,6.52,10.8,1.79,3.68,14.36
2011-04-15,8.89,15.01,2.92,0.27,21.07
2011-04-16,9.63,15.04,4.85,0.04,19.64
2011-04-17,9.94,14.94,6.08,0.72,12.45
2011-04-18,11.1,17.19,7.05,3.29,11.02
2011-04-19,7.87,13.62,3.97,2.49,16.8
2011-04-20,6.4,10.94,2.96,5.37,13.47
2011-04-21,4.91,9.89,1.11,2.24,11.85
2011-04-22,5.7,13.0,-1.66,0.04,26.73
2011-04-23,7.28,15.04,-0.26,1.21,24.02
2011-04-24,5.45,11.05,1.01,5.01,14.68
2011-04-25,8.36,13.49,3.76,0.01,17.84
2011-04-26,10.89,17.18,5.37,0.0,27.46
2011-04-27,10.38,15.98,5.28,2.16,12.94
2011-04-28,11.15,15.83,5.02,1.92,16.23
2011-04-29,10.29,14.1,6.03,1.77,17.06
2011-04-30,10.77,15.66,6.22,1.43,14.87
2011-05-01,11.45,17.04,6.67,0.27,21.26
2011-05-02,12.44,17.74,6.0,0.23,20.19
2011-05-03,14.0,20.76,8.19,0.49,21.24
2011-05-04,12.52,18.97,6.73,2.22,23.86
2011-05-05,11.26,16.36,7.36,1.34,13.9
2011-05-06,7.6,11.44,3.34,4.27,6.81
2011-05-07,6.62,13.16,1.29,0.0,19.03
2011-05-08,9.2,15.62,0.52,0.01,27.79
2011-05-09,11.61,18.26,5.63,0.0,26.33
2011-05-10,10.64,16.24,4.48,0.9,20.95
2011-05-11,11.83,17.67,5.82,1.98,21.69
2011-05-12,9.19,12.66,6.42,7.37,15.46
2011-05-13,8.13,11.01,5.54,1.8,10.08
2011-05-14,9.0,13.67,5.23,0.23,16.78
2011-05-15,10.53,16.2,3.97,0.01,23.46
2011-05-16,13.78,19.57,8.09,0.12,27.58
2011-05-17,15.52,21.12,9.11,1.37,27.46
2011-05-18,12.61,15.91,9.32,0.73,15.69
2011-05-19,13.88,20.32,8.45,7.73,20.59
2011-05-20,11.13,14.97,7.21,1.56,18.34
2011-05-21,12.49,18.65,8.02,0.26,21.24
2011-05-22,12.59,18.42,5.95,0.0,21.36
2011-05-23,14.66,21.25,7.47,0.0,25.7
2011-05-24,15.98,22.35,9.6,0.02,28.2
2011-05-25,16.99,22.54,10.92,3.54,25.15
2011-05-26,16.65,20.97,12.18,0.96,25.66
2011-05-27,15.91,20.1,11.01,9.5,18.57
2011-05-28,15.26,18.38,11.51,5.0,17.23
2011-05-29,14.81,19.56,9.95,3.13,21.64
2011-05-30,14.32,18.06,10.98,2.8,17.81
2011-05-31,16.56,20.71,12.43,1.61,22.3
2011-06-01,15.72,20.26,10.89,1.13,25.8
2011-06-02,16.25,22.03,9.98,0.64,26.31
2011-06-03,16.96,22.7,10.15,0.7,27.73
2011-06-04,17.42,23.09,11.13,7.22,26.26
2011-06-05,16.74,21.53,10.52,3.15,24.76
2011-06-06,18.66,24.07,12.9,0.0,29.32
2011-06-07,20.29,25.54,13.58,0.0,27.47
2011-06-08,20.2,26.42,13.5,0.0,28.61
2011-06-09,22.19,29.45,14.78,1.14,28.37
2011-06-10,20.48,26.23,14.45,4.14,27.12
2011-06-11,16.66,21.54,12.66,0.98,20.77
2011-06-12,16.27,22.12,11.28,4.84,23.75
2011-06-13,14.16,17.17,11.36,15.63,11.42
2011-06-14,14.69,18.8,10.66,0.95,20.85
2011-06-15,17.14,21.6,11.68,1.52,23.88
2011-06-16,17.67,21.97,13.08,2.42,23.86
2011-06-17,16.96,22.33,11.73,2.75,24.0
2011-06-18,16.31,20.86,11.83,4.89,24.35
2011-06-19,17.89,23.19,10.91,0.11,27.4
2011-06-20,20.0,26.46,13.57,0.0,30.25
2011-06-21,19.25,25.98,11.81,0.0,29.32
2011-06-22,18.84,25.31,13.18,0.0,28.83
2011-06-23,17.43,25.17,9.46,0.0,32.43
2011-06-24,18.31,26.88,9.2,0.0,32.51
2011-06-25,21.57,29.69,14.34,0.0,32.09
2011-06-26,15.29,22.51,9.51,0.03,20.22
2011-06-27,12.54,17.87,7.62,0.05,23.64
2011-06-28,14.39,20.72,6.01,0.01,26.87
2011-06-29,16.68,22.93,9.88,0.09,22.29
2011-06-30,17.46,24.42,10.79,0.09,27.06
2011-07-01,19.23,26.06,12.16,0.6,25.42
2011-07-02,19.32,24.81,13.87,0.18,23.85
2011-07-03,20.98,28.71,12.72,0.0,30.73
2011-07-04,20.74,28.17,13.21,0.0,29.54
2011-07-05,19.23,26.33,12.57,0.0,29.82
2011-07-06,21.03,27.81,14.14,1.06,24.86
2011-07-07,20.51,27.5,12.53,0.0,26.62
2011-07-08,21.76,29.26,12.86,0.0,28.66
2011-07-09,23.66,30.5,17.01,0.0,30.11
2011-07-10,22.05,29.53,15.2,0.0,31.11
2011-07-11,20.75,28.47,13.12,0.0,31.14
2011-07-12,20.03,26.99,12.45,0.0,29.74
2011-07-13,20.71,27.11,13.68,0.0,27.35
2011-07-14,21.81,28.37,13.91,0.04,25.15
2011-07-15,21.43,28.01,14.42,1.02,27.6
2011-07-16,20.95,27.97,13.14,0.0,28.94
2011-07-17,21.7,28.78,13.52,0.0,29.31
2011-07-18,23.21,30.77,15.36,0.02,28.54
2011-07-19,22.63,29.85,15.05,0.0,29.01
2011-07-20,23.7,30.92,16.03,0.07,28.49
2011-07-21,25.19,33.34,16.91,0.0,28.11
2011-07-22,23.01,29.74,16.8,0.23,25.85
2011-07-23,22.02,28.62,14.47,0.0,25.72
2011-07-24,24.25,32.52,15.45,0.13,27.95
2011-07-25,24.3,30.78,18.42,0.02,27.84
2011-07-26,23.99,31.63,15.83,0.0,27.5
2011-07-27,24.58,32.62,16.2,0.0,28.27
2011-07-28,24.72,33.64,15.68,0.0,28.64
2011-07-29,26.1,34.46,17.67,0.0,28.95
2011-07-30,26.31,34.72,18.67,0.0,26.92
2011-07-31,25.34,33.82,16.43,0.0,27.35
2011-08-01,25.35,34.4,16.08,0.04,26.2
2011-08-02,23.91,32.32,16.1,1.61,23.75
2011-08-03,21.28,27.26,14.95,0.18,24.65
2011-08-04,21.38,27.61,14.84,0.0,24.88
2011-08-05,22.37,29.44,14.45,0.0,27.42
2011-08-06,23.37,30.08,15.53,0.0,26.89
2011-08-07,22.97,29.69,15.91,0.0,27.62
2011-08-08,24.06,31.25,16.11,0.0,28.22
2011-08-09,24.72,32.27,16.01,0.0,28.4
2011-08-10,25.16,32.56,16.71,0.0,28.24
2011-08-11,24.14,32.13,14.63,0.67,24.49
2011-08-12,17.29,23.61,12.48,0.43,18.06
2011-08-13,18.32,24.55,12.23,0.01,20.4
2011-08-14,20.58,27.23,13.04,0.0,24.72
2011-08-15,23.2,29.62,15.23,0.0,22.38
2011-08-16,24.03,30.56,16.85,0.0,24.04
2011-08-17,22.05,29.85,14.52,0.0,25.99
2011-08-18,21.19,28.56,13.62,0.0,25.65
2011-08-19,19.13,25.81,13.48,0.0,21.12
2011-08-20,19.42,27.19,12.54,0.0,26.36
2011-08-21,19.53,27.72,12.03,0.0,27.14
2011-08-22,20.0,28.1,11.54,0.0,26.97
2011-08-23,20.52,29.0,11.61,0.0,27.0
2011-08-24,20.12,27.98,12.71,0.0,26.74
2011-08-25,19.33,27.35,11.94,0.0,26.92
2011-08-26,19.25,27.53,11.14,0.0,26.59
2011-08-27,19.53,27.86,11.19,0.0,25.95
2011-08-28,19.96,28.08,11.6,0.0,26.21
2011-08-29,21.5,30.78,12.13,0.0,24.74
2011-08-30,21.64,28.49,15.13,0.0,19.4
2011-08-31,20.23,27.71,14.31,0.0,25.02
2011-09-01,18.68,26.07,11.54,0.0,24.64
2011-09-02,18.99,26.12,11.54,0.0,23.97
2011-09-03,18.89,25.69,12.59,0.0,22.32
2011-09-04,18.39,25.51,11.92,0.0,23.7
2011-09-05,18.51,26.43,10.42,0.0,24.6
2011-09-06,19.31,27.7,10.97,0.0,23.91
2011-09-07,20.0,28.02,12.62,0.0,23.58
2011-09-08,22.15,28.96,15.16,0.0,21.61
2011-09-09,21.82,29.29,15.53,0.0,22.46
2011-09-10,19.8,27.32,12.62,0.0,22.25
2011-09-11,19.24,27.38,11.54,0.0,22.9
2011-09-12,19.48,27.99,11.42,0.0,23.73
2011-09-13,20.03,27.52,13.17,0.0,23.69
2011-09-14,20.75,27.59,14.77,0.0,23.59
2011-09-15,21.47,28.54,15.19,0.0,23.29
2011-09-16,19.96,27.68,13.19,0.0,22.27
2011-09-17,18.46,25.88,11.18,0.0,22.37
2011-09-18,17.93,25.71,10.21,0.0,21.56
2011-09-19,19.71,27.07,13.29,0.0,18.56
2011-09-20,19.31,26.83,11.71,0.0,21.08
2011-09-21,21.15,28.98,14.37,0.15,19.19
2011-09-22,15.64,19.27,12.78,6.62,10.44
2011-09-23,14.73,19.31,9.96,1.47,9.81
2011-09-24,15.34,22.08,10.85,0.0,18.44
2011-09-25,14.29,21.98,7.67,0.0,20.3
2011-09-26,13.83,21.21,7.7,0.0,19.96
2011-09-27,13.0,20.95,6.44,0.0,20.58
2011-09-28,13.91,22.56,6.3,0.0,19.56
2011-09-29,14.0,21.75,7.8,0.0,20.34
2011-09-30,11.16,16.47,7.82,0.01,11.5
2011-10-01,10.0,16.12,5.57,0.0,19.78
2011-10-02,11.89,19.53,5.96,0.0,20.64
2011-10-03,11.07,18.73,5.44,0.0,18.99
2011-10-04,13.25,20.88,6.84,0.0,20.17
2011-10-05,14.72,21.94,10.06,0.0,18.09
2011-10-06,16.21,23.12,11.65,0.0,18.26
2011-10-07,15.38,23.04,8.77,0.0,16.96
2011-10-08,15.0,21.56,9.37,0.0,16.21
2011-10-09,15.13,19.39,10.43,18.84,5.54
2011-10-10,16.14,19.51,13.8,19.58,11.43
2011-10-11,13.46,18.43,7.94,3.83,12.22
2011-10-12,10.3,14.21,7.51,2.26,9.41
2011-10-13,10.79,16.39,6.95,0.02,14.57
2011-10-14,11.61,18.64,6.58,0.05,15.44
2011-10-15,12.29,19.61,6.92,0.0,15.84
2011-10-16,11.34,16.48,7.15,2.26,6.72
2011-10-17,9.03,13.66,3.17,6.05,6.24
2011-10-18,3.72,9.52,-0.48,0.33,15.89
2011-10-19,4.77,12.14,-1.05,0.0,17.56
2011-10-20,6.36,14.37,0.97,0.0,17.38
2011-10-21,7.99,16.38,1.41,0.0,17.02
2011-10-22,8.56,14.62,4.52,0.0,14.82
2011-10-23,6.58,14.19,1.37,0.0,15.56
2011-10-24,7.98,14.79,3.07,0.0,12.61
2011-10-25,8.85,15.47,4.3,0.0,14.64
2011-10-26,6.52,12.9,1.6,0.0,9.19
2011-10-27,3.45,9.39,-1.08,0.0,13.87
2011-10-28,2.46,10.04,-3.37,0.0,15.17
2011-10-29,3.14,10.15,-1.22,0.0,12.75
2011-10-30,1.49,8.23,-3.36,0.0,7.44
2011-10-31,2.46,9.77,-3.01,0.0,14.16
2011-11-01,5.72,13.5,-1.02,0.0,14.98
2011-11-02,5.38,12.27,1.27,0.0,13.88
2011-11-03,1.99,5.64,-1.59,0.7,6.49
2011-11-04,1.85,7.89,-1.88,0.4,8.36
2011-11-05,3.21,9.44,-1.52,0.0,13.48
2011-11-06,5.62,12.38,0.43,0.0,14.0
2011-11-07,5.0,12.19,-0.33,0.0,14.26
2011-11-08,3.82,11.65,-1.35,0.0,14.19
2011-11-09,6.9,15.23,2.13,0.0,13.49
2011-11-10,5.38,10.56,1.0,0.09,9.82
2011-11-11,3.99,9.04,-0.7,0.34,4.17
2011-11-12,-1.68,3.03,-4.9,0.0,10.36
2011-11-13,-2.05,3.13,-5.04,0.04,10.82
2011-11-14,-1.67,3.02,-4.47,0.22,7.45
2011-11-15,-0.74,3.91,-3.97,0.9,3.92
2011-11-16,0.85,6.54,-2.22,0.04,4.4
2011-11-17,-0.01,3.68,-2.24,0.07,4.76
2011-11-18,-0.62,4.46,-3.44,0.0,6.98
2011-11-19,-0.71,5.19,-3.26,0.01,7.9
2011-11-20,-1.14,4.7,-3.97,0.0,6.98
2011-11-21,-0.82,5.84,-4.15,0.0,11.37
2011-11-22,2.87,9.48,-2.26,0.0,11.83
2011-11-23,1.66,7.35,-2.28,0.0,11.0
2011-11-24,-0.76,5.62,-4.55,0.0,11.46
2011-11-25,-1.99,4.47,-5.3,0.0,12.43
2011-11-26,-0.41,6.81,-4.24,0.0,12.08
2011-11-27,-1.63,3.36,-5.75,0.0,11.39
2011-11-28,0.03,6.91,-5.52,0.0,11.12
2011-11-29,-0.18,5.08,-3.54,0.0,10.97
2011-11-30,0.2,7.63,-4.7,0.0,11.76
2011-12-01,1.7,6.48,-1.18,0.0,11.64
2011-12-02,0.89,6.3,-1.97,0.0,10.94
2011-12-03,2.08,8.27,-2.54,0.0,10.96
2011-12-04,3.65,10.09,0.08,0.0,10.8
2011-12-05,1.97,8.4,-0.83,0.0,10.24
2011-12-06,2.06,8.55,-1.32,0.16,8.04
2011-12-07,3.05,6.58,0.53,7.41,3.89
2011-12-08,1.35,4.96,-2.04,2.9,3.06
2011-12-09,-1.59,1.09,-4.16,0.23,4.84
2011-12-10,-1.59,3.51,-5.01,0.0,10.36
2011-12-11,1.72,7.18,-2.32,0.0,9.45
2011-12-12,3.04,7.85,0.7,0.0,9.1
2011-12-13,3.66,9.33,0.74,0.0,8.66
2011-12-14,3.76,8.68,1.1,0.0,8.79
2011-12-15,3.44,9.07,-1.01,0.0,10.0
2011-12-16,1.92,6.84,-1.57,6.53,4.62
2011-12-17,1.89,7.4,-3.23,0.2,5.71
2011-12-18,6.44,10.51,4.29,0.82,5.49
2011-12-19,5.47,9.04,2.81,0.21,4.65
2011-12-20,5.31,10.35,1.66,1.31,6.56
2011-12-21,3.72,7.08,1.37,1.51,6.59
2011-12-22,3.64,7.67,0.1,4.41,6.7
2011-12-23,1.91,5.25,-0.95,11.35,2.03
2011-12-24,-2.29,0.1,-4.55,1.99,3.62
2011-12-25,-4.02,-0.96,-6.89,0.15,4.25
2011-12-26,-4.6,1.15,-7.57,0.0,3.84
2011-12-27,-4.09,1.46,-6.5,0.0,5.34
2011-12-28,-4.74,1.15,-8.7,0.0,5.83
2011-12-29,-4.48,3.3,-10.76,0.0,6.51
2011-12-30,-1.05,3.66,-5.85,0.98,3.98
2011-12-31,0.53,4.68,-3.12,1.36,4.8
2012-01-01,-0.43,1.25,-2.99,11.36,2.97
2012-01-02,-3.23,1.41,-5.99,0.0,4.75
2012-01-03,-2.71,3.49,-7.35,0.0,10.0
2012-01-04,0.1,6.87,-3.78,0.0,9.32
2012-01-05,-1.04,4.24,-5.15,0.05,6.75
2012-01-06,0.91,4.87,-2.93,4.94,8.04
2012-01-07,3.87,6.55,1.49,20.52,3.1
2012-01-08,1.61,5.0,-0.6,6.95,6.14
2012-01-09,-0.62,2.27,-2.37,5.28,7.65
2012-01-10,-0.55,2.55,-3.52,10.98,1.12
2012-01-11,-0.1,2.51,-2.65,14.04,2.76
2012-01-12,-3.42,-0.19,-6.23,0.58,2.53
2012-01-13,-5.03,0.64,-8.27,0.01,5.37
2012-01-14,-3.47,1.65,-9.2,0.49,10.26
2012-01-15,-1.36,2.71,-6.86,4.94,5.17
2012-01-16,-6.45,-3.72,-8.3,0.16,5.47
2012-01-17,-10.05,-5.88,-13.84,0.06,11.21
2012-01-18,-11.69,-6.03,-15.12,0.0,11.83
2012-01-19,-11.79,-7.41,-16.04,0.02,11.52
2012-01-20,-7.79,-0.7,-15.37,0.14,11.13
2012-01-21,-0.57,2.23,-4.93,7.41,7.65
2012-01-22,-5.7,-0.5,-11.52,8.48,10.44
2012-01-23,-7.06,0.57,-12.99,0.0,9.99
2012-01-24,-2.66,2.7,-8.65,7.72,9.35
2012-01-25,0.14,1.41,-1.63,8.52,8.17
2012-01-26,0.15,2.1,-3.05,8.34,2.12
2012-01-27,-5.05,-2.92,-9.9,0.97,2.89
2012-01-28,-6.82,-1.37,-10.66,0.05,3.92
2012-01-29,-7.82,-1.28,-11.7,0.03,8.08
2012-01-30,-8.52,-4.56,-12.23,1.82,10.62
2012-01-31,-11.64,-7.87,-14.72,0.07,11.94
2012-02-01,-12.8,-7.32,-17.1,0.01,13.98
2012-02-02,-9.51,-1.52,-18.58,4.23,10.81
2012-02-03,-1.62,2.84,-6.59,1.12,8.66
2012-02-04,0.47,6.25,-3.0,0.01,13.61
2012-02-05,1.24,7.29,-3.45,0.0,13.05
2012-02-06,1.22,7.29,-2.32,6.4,11.89
2012-02-07,0.38,3.91,-1.7,16.4,5.95
2012-02-08,0.1,4.0,-1.99,1.47,10.59
2012-02-09,-2.36,-0.23,-5.54,5.71,8.32
2012-02-10,-5.35,-1.5,-8.03,0.17,8.64
2012-02-11,-3.75,2.57,-8.89,0.0,14.44
2012-02-12,-0.37,5.45,-4.99,0.0,9.09
2012-02-13,0.86,6.93,-2.86,0.04,14.31
2012-02-14,2.05,6.28,-1.3,2.83,13.97
2012-02-15,0.66,3.83,-1.98,4.68,10.81
2012-02-16,-1.43,1.34,-3.6,2.22,10.51
2012-02-17,-4.58,-2.17,-8.55,3.97,12.35
2012-02-18,-7.99,-4.03,-10.45,1.12,14.62
2012-02-19,-7.18,-2.28,-10.41,0.0,16.57
2012-02-20,-6.11,0.05,-11.99,0.0,16.42
2012-02-21,-2.54,3.01,-6.74,0.0,15.81
2012-02-22,-1.73,4.39,-6.53,0.0,16.19
2012-02-23,-0.79,5.19,-4.55,0.0,15.89
2012-02-24,0.6,6.38,-3.11,0.0,16.15
2012-02-25,1.24,7.42,-2.3,0.04,16.07
2012-02-26,2.73,7.73,-0.43,0.71,16.36
2012-02-27,3.04,7.26,-0.02,2.63,14.11
2012-02-28,-1.28,5.37,-8.53,11.76,8.07
2012-02-29,-7.08,-5.4,-8.75,0.52,5.74
2012-03-01,-6.6,-3.7,-9.39,0.09,12.64
2012-03-02,-5.12,-1.03,-7.67,0.18,14.52
2012-03-03,-2.09,4.21,-6.62,2.01,10.81
2012-03-04,-3.45,1.17,-6.9,0.19,12.36
2012-03-05,-1.37,3.47,-6.68,0.13,16.45
2012-03-06,0.99,3.95,-1.03,1.06,11.8
2012-03-07,1.79,7.57,-1.31,0.34,15.21
2012-03-08,3.3,9.34,-1.02,0.04,11.72
2012-03-09,3.96,9.89,-0.51,0.37,13.77
2012-03-10,2.22,7.85,-3.0,0.0,17.91
2012-03-11,1.9,7.69,-3.54,0.12,11.34
2012-03-12,4.87,9.63,0.89,3.17,14.9
2012-03-13,3.38,7.65,1.17,8.95,7.33
2012-03-14,0.62,4.4,-4.01,1.73,8.03
2012-03-15,-0.74,3.22,-4.12,0.55,13.26
2012-03-16,-4.6,-0.8,-7.46,0.39,15.27
2012-03-17,-2.11,3.59,-6.88,0.0,21.08
2012-03-18,3.41,10.09,-2.2,0.0,21.85
2012-03-19,6.28,12.31,1.55,0.0,21.68
2012-03-20,5.87,11.69,0.54,0.0,22.11
2012-03-21,4.14,11.41,-1.5,0.0,21.32
2012-03-22,3.35,9.69,-1.6,0.0,19.51
2012-03-23,3.17,9.22,-2.15,0.0,22.63
2012-03-24,6.39,13.03,1.98,0.0,23.03
2012-03-25,8.07,13.96,2.94,0.0,21.38
2012-03-26,6.62,11.44,2.76,0.39,17.97
2012-03-27,1.19,6.22,-4.35,0.23,23.73
2012-03-28,-0.92,3.86,-4.79,0.03,10.65
2012-03-29,2.07,7.85,-3.9,0.0,21.01
2012-03-30,4.95,11.51,-1.89,1.13,19.85
2012-03-31,6.17,11.48,2.26,3.42,14.13
2012-04-01,7.24,12.96,2.92,0.0,18.61
2012-04-02,6.44,11.3,2.86,0.19,15.22
2012-04-03,8.63,16.41,1.85,0.0,25.32
2012-04-04,10.58,18.74,2.71,0.0,23.13
2012-04-05,10.13,16.59,5.5,0.09,13.67
2012-04-06,12.42,20.25,6.08,0.01,17.74
2012-04-07,10.74,17.61,4.08,0.04,22.97
2012-04-08,11.54,19.16,4.69,0.08,23.23
2012-04-09,7.61,12.63,3.02,4.33,20.97
2012-04-10,6.1,10.0,2.82,13.07,12.22
2012-04-11,6.1,10.45,3.2,5.41,12.74
2012-04-12,7.85,13.42,1.88,0.07,22.62
2012-04-13,10.03,16.8,4.45,0.07,25.11
2012-04-14,9.02,14.47,4.8,1.67,10.02
2012-04-15,10.01,14.14,5.65,6.0,19.9
2012-04-16,8.74,15.6,1.29,0.0,25.8
2012-04-17,12.09,20.09,5.07,0.0,26.27
2012-04-18,11.3,18.14,6.4,2.95,14.33
2012-04-19,8.49,13.27,4.48,2.18,16.12
2012-04-20,10.03,17.4,2.53,0.0,26.95
2012-04-21,10.06,16.25,4.53,0.38,18.07
2012-04-22,9.53,15.54,3.15,0.0,22.54
2012-04-23,12.33,18.46,5.87,0.0,26.73
2012-04-24,13.41,20.23,6.57,0.0,25.38
2012-04-25,15.81,21.69,10.08,0.0,26.05
2012-04-26,16.03,22.71,10.51,0.0,27.57
2012-04-27,14.99,22.66,7.81,0.01,23.83
2012-04-28,16.43,23.4,9.99,0.0,27.96
2012-04-29,15.71,23.09,8.11,0.02,22.71
2012-04-30,15.22,22.09,10.13,0.2,17.27
2012-05-01,16.34,23.53,10.36,0.01,25.32
2012-05-02,15.82,22.46,9.87,0.01,17.23
2012-05-03,16.43,21.28,11.93,0.1,15.33
2012-05-04,13.04,15.6,11.4,1.97,16.08
2012-05-05,14.81,20.34,10.08,1.12,21.09
2012-05-06,14.21,19.26,9.65,0.23,23.52
2012-05-07,14.17,20.46,7.55,0.35,23.77
2012-05-08,15.87,22.48,8.35,0.05,28.63
2012-05-09,17.33,23.59,10.43,2.54,23.59
2012-05-10,14.36,21.3,9.24,9.83,15.83
2012-05-11,13.25,16.26,9.92,6.85,12.17
2012-05-12,14.08,18.7,9.17,13.6,19.55
2012-05-13,13.14,17.23,10.24,1.79,19.45
2012-05-14,13.46,18.41,9.48,1.29,16.75
2012-05-15,14.61,20.35,9.53,0.73,24.89
2012-05-16,12.42,16.92,9.3,7.5,10.89
2012-05-17,13.21,19.64,7.33,0.09,26.14
2012-05-18,11.0,18.49,4.51,3.64,26.68
2012-05-19,9.16,13.0,5.21,9.95,15.24
2012-05-20,10.11,13.21,6.63,2.57,18.32
2012-05-21,11.62,16.17,7.42,2.22,21.13
2012-05-22,15.29,23.26,8.07,0.0,24.41
2012-05-23,13.71,19.15,8.36,0.69,27.88
2012-05-24,12.33,18.16,7.95,1.06,19.35
2012-05-25,11.6,15.93,7.93,3.7,16.92
2012-05-26,13.57,19.2,7.95,0.38,17.33
2012-05-27,15.61,20.36,11.11,0.77,25.66
2012-05-28,14.26,19.18,9.27,1.06,23.87
2012-05-29,14.81,21.11,8.78,0.23,26.54
2012-05-30,14.42,19.38,9.72,3.39,25.35
2012-05-31,12.53,15.91,8.36,9.15,16.4
2012-06-01,14.51,20.08,7.08,0.02,28.23
2012-06-02,17.72,23.45,11.13,0.0,29.73
2012-06-03,18.7,25.19,13.38,0.3,25.2
2012-06-04,17.43,21.54,11.97,1.93,22.18
2012-06-05,19.2,25.12,12.6,0.01,30.06
2012-06-06,17.36,23.44,11.53,0.8,27.46
2012-06-07,14.71,20.33,9.66,0.52,19.92
2012-06-08,15.21,22.47,6.94,0.0,31.12
2012-06-09,18.11,25.78,9.74,0.0,31.75
2012-06-10,21.19,28.51,12.57,0.0,32.16
2012-06-11,23.46,30.2,17.26,0.0,31.15
2012-06-12,23.55,29.5,15.83,0.0,29.1
2012-06-13,24.66,30.67,18.12,0.02,30.14
2012-06-14,24.81,31.17,18.72,1.23,25.64
2012-06-15,23.17,30.21,15.63,0.91,30.07
2012-06-16,22.98,31.01,15.74,0.0,30.32
2012-06-17,21.42,29.52,14.28,0.0,31.78
2012-06-18,19.63,28.85,10.64,0.0,32.79
2012-06-19,20.07,28.95,10.65,0.0,32.12
2012-06-20,20.06,28.92,11.31,0.0,31.43
2012-06-21,19.38,28.09,10.47,0.07,32.34
2012-06-22,19.71,26.88,11.53,0.34,30.13
2012-06-23,21.35,28.31,13.78,0.16,29.77
2012-06-24,21.77,28.39,15.21,3.6,29.68
2012-06-25,21.98,28.25,14.11,0.0,30.43
2012-06-26,24.15,30.41,17.69,0.01,27.68
2012-06-27,21.84,28.54,15.22,0.28,27.36
2012-06-28,18.98,24.04,14.36,0.0,23.27
2012-06-29,19.07,26.55,10.93,0.0,31.28
2012-06-30,19.22,26.94,10.96,0.0,31.44
2012-07-01,19.0,26.8,11.0,0.0,31.5
2012-07-02,17.45,23.53,10.6,0.0,28.33
2012-07-03,17.94,24.38,10.24,0.0,22.13
2012-07-04,19.45,26.86,10.86,0.0,29.55
2012-07-05,21.8,28.88,13.98,0.0,29.47
2012-07-06,22.06,29.15,14.46,0.0,29.59
2012-07-07,22.27,29.41,14.21,0.0,28.01
2012-07-08,20.59,26.75,14.3,0.12,25.78
2012-07-09,20.43,25.96,14.76,0.3,21.68
2012-07-10,20.95,27.79,13.87,0.0,30.9
2012-07-11,22.05,29.2,14.22,0.0,30.87
2012-07-12,22.36,30.12,13.94,0.0,30.78
2012-07-13,23.2,30.79,14.98,0.0,30.08
2012-07-14,23.53,31.1,15.74,0.0,29.93
2012-07-15,23.83,32.2,15.17,0.0,31.31
2012-07-16,26.29,34.84,17.93,0.0,30.93
2012-07-17,25.02,33.32,16.36,0.0,30.27
2012-07-18,25.28,34.13,16.08,0.0,29.0
2012-07-19,26.32,34.26,17.74,0.0,28.36
2012-07-20,27.35,34.25,19.73,0.79,26.57
2012-07-21,25.57,32.64,19.29,0.27,21.05
2012-07-22,25.48,33.16,18.17,0.01,28.57
2012-07-23,25.53,33.65,16.96,0.0,27.0
2012-07-24,26.41,34.86,17.86,0.0,28.11
2012-07-25,27.72,35.9,19.31,0.0,28.7
2012-07-26,29.66,37.22,22.26,0.0,28.44
2012-07-27,29.06,37.26,20.04,0.03,25.78
2012-07-28,28.1,36.15,20.13,0.01,25.0
2012-07-29,26.16,34.44,18.29,0.15,28.0
2012-07-30,25.56,33.02,18.37,1.39,25.24
2012-07-31,23.21,29.01,17.25,5.07,24.27
2012-08-01,21.43,27.39,15.83,8.01,25.61
2012-08-02,22.74,29.56,14.48,1.34,23.87
2012-08-03,23.6,29.11,18.21,0.63,25.04
2012-08-04,22.23,27.02,16.87,1.95,23.12
2012-08-05,21.89,27.99,15.77,0.02,25.79
2012-08-06,22.22,28.92,15.25,0.0,24.92
2012-08-07,22.04,28.5,15.17,0.01,22.14
2012-08-08,22.04,28.49,15.08,0.0,23.55
2012-08-09,22.4,29.16,15.31,0.04,24.2
2012-08-10,22.58,28.06,16.25,0.02,23.95
2012-08-11,23.94,29.68,16.84,0.0,23.05
2012-08-12,23.76,29.29,17.14,2.6,25.06
2012-08-13,20.46,27.33,15.37,0.0,25.66
2012-08-14,20.43,27.68,12.92,0.0,25.19
2012-08-15,20.47,28.06,12.85,0.0,26.04
2012-08-16,20.05,28.06,12.4,0.0,26.67
2012-08-17,19.93,28.03,11.87,0.0,26.8
2012-08-18,19.61,27.53,11.53,0.0,26.31
2012-08-19,18.7,25.3,12.4,0.0,23.97
2012-08-20,18.03,25.03,12.14,0.0,23.43
2012-08-21,18.74,26.46,10.94,0.0,26.74
2012-08-22,21.02,28.66,13.1,0.0,25.6
2012-08-23,21.06,28.66,14.58,0.0,27.14
2012-08-24,21.2,29.26,13.7,0.0,27.29
2012-08-25,22.18,30.79,13.57,0.0,27.62
2012-08-26,24.52,32.63,15.71,0.0,26.11
2012-08-27,24.74,32.9,17.14,0.0,25.27
2012-08-28,18.43,25.08,12.81,0.25,19.28
2012-08-29,16.28,22.92,11.45,0.01,25.04
2012-08-30,16.75,26.04,7.97,0.0,26.37
2012-08-31,18.2,26.5,9.83,0.0,25.63
2012-09-01,18.52,26.77,9.78,0.0,25.29
2012-09-02,18.96,27.41,10.92,0.0,25.15
2012-09-03,19.83,28.45,12.09,0.0,25.68
2012-09-04,21.17,29.36,13.09,0.0,25.41
2012-09-05,22.86,30.48,15.31,0.0,24.88
2012-09-06,24.45,31.64,18.11,0.0,24.17
2012-09-07,21.49,29.85,13.36,0.0,21.92
2012-09-08,19.22,26.79,12.92,0.0,21.88
2012-09-09,18.15,25.2,11.54,0.0,23.28
2012-09-10,16.23,22.67,10.92,0.0,21.99
2012-09-11,15.94,24.4,8.21,0.0,23.28
2012-09-12,18.57,26.89,10.42,0.01,22.01
2012-09-13,19.08,26.23,12.23,0.0,21.6
2012-09-14,20.11,27.66,12.72,0.0,21.92
2012-09-15,21.89,29.36,16.03,0.0,21.58
2012-09-16,22.82,30.46,15.41,0.0,21.81
2012-09-17,21.83,29.24,14.83,0.0,20.35
2012-09-18,20.85,28.65,14.11,0.0,20.45
2012-09-19,18.91,26.21,13.08,6.45,17.46
2012-09-20,18.59,24.73,13.58,0.01,18.5
2012-09-21,18.36,25.43,13.0,0.01,18.25
2012-09-22,15.47,22.83,10.21,0.0,15.85
2012-09-23,15.09,22.68,8.4,0.0,21.71
2012-09-24,17.46,25.13,10.91,0.0,21.78
2012-09-25,19.45,26.41,12.94,0.0,21.13
2012-09-26,20.07,27.35,13.02,0.0,21.03
2012-09-27,21.21,28.6,15.81,0.0,20.46
2012-09-28,19.84,28.03,13.08,0.0,20.06
2012-09-29,19.68,28.7,11.99,0.0,19.44
2012-09-30,20.71,29.73,12.39,0.0,19.33
2012-10-01,20.11,27.92,14.73,1.94,14.69
2012-10-02,18.3,24.6,13.93,8.83,14.9
2012-10-03,17.08,22.68,12.32,2.88,15.45
2012-10-04,16.37,22.21,12.23,3.56,15.57
2012-10-05,13.81,18.07,10.11,0.95,11.98
2012-10-06,14.55,22.04,8.86,0.03,17.77
2012-10-07,15.06,21.28,9.35,1.83,17.68
2012-10-08,14.61,21.36,9.08,0.01,14.29
2012-10-09,12.9,17.99,8.93,0.9,10.54
2012-10-10,13.87,19.36,9.71,3.88,13.18
2012-10-11,12.47,18.31,8.86,2.66,10.05
2012-10-12,12.58,19.2,6.92,0.0,16.02
2012-10-13,15.52,22.19,10.6,0.0,13.11
2012-10-14,15.91,22.63,9.89,0.0,16.48
2012-10-15,17.39,23.98,11.86,0.0,16.35
2012-10-16,17.76,24.15,13.06,0.0,16.38
2012-10-17,17.92,23.94,13.07,0.0,16.31
2012-10-18,16.86,23.8,12.01,0.0,16.15
2012-10-19,14.61,21.53,9.53,0.0,16.2
2012-10-20,13.43,20.89,6.91,0.01,16.16
2012-10-21,12.03,18.96,5.56,1.25,8.24
2012-10-22,12.06,16.78,8.89,2.24,8.87
2012-10-23,10.84,14.99,6.69,1.68,11.29
2012-10-24,11.4,16.43,6.85,2.52,10.52
2012-10-25,11.04,15.85,5.63,0.08,11.5
2012-10-26,11.82,17.55,6.95,0.01,13.66
2012-10-27,11.99,18.88,6.24,0.0,14.63
2012-10-28,12.8,19.55,8.08,0.0,11.14
2012-10-29,13.05,20.06,9.24,0.07,11.19
2012-10-30,12.49,17.63,9.45,5.09,10.19
2012-10-31,12.14,17.58,8.87,0.11,9.22
2012-11-01,12.9,19.15,6.99,0.03,12.72
2012-11-02,13.0,18.62,10.14,1.48,7.3
2012-11-03,13.36,18.43,8.67,3.32,10.19
2012-11-04,14.56,20.69,9.67,0.0,13.43
2012-11-05,13.83,21.09,9.13,0.0,11.45
2012-11-06,12.57,19.2,8.37,0.0,11.95
2012-11-07,12.92,19.02,8.71,0.96,8.53
2012-11-08,7.22,11.79,3.37,15.6,2.57
2012-11-09,5.19,6.77,4.3,1.5,3.94
2012-11-10,5.17,7.38,3.41,1.66,3.38
2012-11-11,5.11,9.7,2.68,0.86,5.71
2012-11-12,5.36,12.01,2.02,0.0,11.82
2012-11-13,6.26,13.02,2.44,0.0,10.7
2012-11-14,5.95,12.1,2.09,0.0,11.2
2012-11-15,6.52,15.11,1.96,0.0,8.73
2012-11-16,8.34,15.62,4.53,0.0,7.24
2012-11-17,7.58,15.29,2.81,0.0,6.75
2012-11-18,6.59,14.18,2.29,0.0,6.72
2012-11-19,6.41,13.61,2.33,0.0,6.58
2012-11-20,5.97,13.91,1.53,0.02,5.5
2012-11-21,4.61,9.62,1.05,1.99,5.11
2012-11-22,2.86,7.94,-0.25,0.1,5.65
2012-11-23,2.82,7.53,-0.31,0.01,4.84
2012-11-24,2.73,8.12,-0.53,0.0,7.4
2012-11-25,1.48,7.64,-1.81,0.0,7.46
2012-11-26,2.48,9.06,-1.28,0.0,11.21
2012-11-27,3.11,10.94,-2.63,0.0,11.6
2012-11-28,4.08,11.26,-0.82,0.01,10.81
2012-11-29,7.1,12.03,3.24,0.05,7.76
2012-11-30,8.12,13.47,5.03,0.01,5.6
2012-12-01,7.36,12.43,4.83,0.05,7.36
2012-12-02,8.49,15.5,5.08,0.06,10.33
2012-12-03,8.06,12.78,2.93,5.89,5.07
2012-12-04,2.19,4.98,-3.21,6.4,4.09
2012-12-05,0.69,8.02,-4.05,0.05,10.71
2012-12-06,3.75,7.84,1.66,4.49,8.46
2012-12-07,2.23,6.34,-1.28,3.67,5.53
2012-12-08,-0.55,4.79,-3.85,0.45,10.53
2012-12-09,2.47,8.31,-2.68,1.63,8.45
2012-12-10,4.08,8.04,0.63,12.83,2.29
2012-12-11,0.73,5.92,-2.16,0.49,9.34
2012-12-12,3.67,7.75,-0.7,5.55,3.69
2012-12-13,-1.05,4.48,-5.56,0.58,6.56
2012-12-14,-3.51,0.95,-6.14,0.0,9.77
2012-12-15,-2.9,2.04,-5.69,0.0,10.52
2012-12-16,0.09,5.75,-4.15,0.42,5.0
2012-12-17,1.95,5.11,-0.08,6.81,4.87
2012-12-18,1.84,3.37,0.82,6.92,2.56
2012-12-19,3.61,7.38,1.47,13.26,6.44
2012-12-20,0.61,3.47,-4.59,7.17,4.0
2012-12-21,-3.2,-0.24,-4.95,0.54,5.01
2012-12-22,0.06,5.55,-3.83,0.15,6.55
2012-12-23,1.56,4.81,-0.54,5.42,3.92
2012-12-24,2.0,5.36,-0.07,0.33,4.1
2012-12-25,1.17,5.55,-1.22,0.0,9.22
2012-12-26,5.26,12.39,-0.02,0.0,10.02
2012-12-27,5.79,13.09,2.07,0.0,9.7
2012-12-28,4.02,6.89,2.3,0.32,4.53
2012-12-29,3.54,6.77,1.93,1.68,4.68
2012-12-30,2.28,7.66,-1.75,0.02,8.22
2012-12-31,2.7,8.12,-1.94,1.05,7.48
2013-01-01,3.09,7.27,0.94,0.32,4.88
2013-01-02,3.49,8.25,-0.34,0.11,5.82
2013-01-03,2.75,8.58,-1.12,0.0,5.74
2013-01-04,0.93,5.59,-2.21,0.02,3.86
2013-01-05,-1.06,2.58,-3.47,0.4,7.15
2013-01-06,-1.58,1.98,-3.65,0.15,6.82
2013-01-07,-3.72,-2.15,-5.0,0.14,4.4
2013-01-08,-6.95,-5.2,-9.39,1.21,4.02
2013-01-09,-8.18,-4.66,-10.03,0.62,5.41
2013-01-10,-7.22,-0.98,-10.98,0.0,8.63
2013-01-11,-3.54,1.78,-10.28,0.8,6.57
2013-01-12,1.98,4.46,-0.01,7.38,4.18
2013-01-13,1.35,5.25,-0.83,0.93,6.78
2013-01-14,2.0,7.04,-1.22,0.0,9.91
2013-01-15,1.6,7.64,-1.43,0.0,9.18
2013-01-16,1.3,7.1,-1.93,0.68,10.06
2013-01-17,2.78,6.21,0.54,5.97,7.6
2013-01-18,3.19,5.75,1.2,0.68,5.24
2013-01-19,2.51,4.24,-0.89,13.27,3.33
2013-01-20,1.53,7.29,-2.82,0.03,9.95
2013-01-21,3.27,9.26,-0.85,0.03,11.24
2013-01-22,4.2,9.9,-0.43,0.88,9.45
2013-01-23,2.85,8.16,-0.39,0.64,7.1
2013-01-24,3.63,8.47,1.16,1.24,10.22
2013-01-25,3.41,7.89,-0.11,5.87,10.41
2013-01-26,3.45,5.93,0.99,7.9,8.5
2013-01-27,2.55,6.76,-0.1,1.75,6.4
2013-01-28,2.17,5.09,-1.14,0.14,7.56
2013-01-29,-1.02,2.39,-2.63,0.55,9.68
2013-01-30,-2.04,0.33,-3.31,1.14,5.2
2013-01-31,-1.07,2.65,-4.12,0.02,9.61
2013-02-01,-0.9,2.85,-3.37,0.47,9.73
2013-02-02,1.09,8.34,-3.59,0.0,12.18
2013-02-03,5.25,9.9,1.77,0.0,13.19
2013-02-04,5.18,10.6,1.82,0.0,10.8
2013-02-05,4.64,11.6,0.38,0.0,14.2
2013-02-06,4.78,8.65,1.01,0.17,10.16
2013-02-07,5.13,10.16,1.54,2.86,10.45
2013-02-08,5.28,8.48,3.31,23.16,10.14
2013-02-09,3.64,8.23,0.53,1.09,11.89
2013-02-10,3.31,7.87,0.16,3.95,11.89
2013-02-11,1.85,4.71,-1.11,4.07,10.27
2013-02-12,0.79,6.29,-3.65,0.01,12.82
2013-02-13,3.2,10.35,-1.55,0.0,15.28
2013-02-14,3.87,10.06,-1.17,6.32,13.96
2013-02-15,2.65,5.85,0.1,5.57,10.31
2013-02-16,1.13,5.79,-2.64,0.13,6.18
2013-02-17,0.81,6.34,-2.56,0.91,12.54
2013-02-18,-0.73,3.53,-3.32,1.55,6.99
2013-02-19,1.28,6.9,-3.65,0.25,14.0
2013-02-20,1.55,4.6,-2.02,6.99,8.91
2013-02-21,1.79,8.58,-4.15,0.46,6.41
2013-02-22,1.45,3.61,0.04,4.01,3.36
2013-02-23,4.31,9.13,-0.21,1.21,9.76
2013-02-24,5.97,12.52,1.09,0.0,16.43
2013-02-25,5.94,13.8,0.12,0.0,17.09
2013-02-26,6.25,14.45,-1.32,0.0,17.59
2013-02-27,4.3,9.17,-0.17,0.65,14.6
2013-02-28,1.35,4.52,-2.01,5.37,5.92
2013-03-01,0.07,5.7,-4.02,0.0,15.44
2013-03-02,3.37,9.76,-2.63,0.0,18.61
2013-03-03,4.59,11.19,-0.39,0.95,11.35
2013-03-04,2.1,8.41,-4.31,1.72,15.74
2013-03-05,-2.74,2.15,-6.83,0.0,16.09
2013-03-06,-2.0,5.14,-6.92,0.0,20.49
2013-03-07,3.19,11.34,-3.49,0.0,14.65
2013-03-08,3.92,9.17,-0.14,0.0,12.63
2013-03-09,5.4,10.59,1.3,0.92,9.07
2013-03-10,6.39,11.61,2.58,0.51,13.89
2013-03-11,7.54,13.35,2.87,0.47,13.96
2013-03-12,9.08,13.38,6.57,4.09,8.32
2013-03-13,8.08,14.65,3.04,0.25,19.87
2013-03-14,8.71,16.26,2.5,0.01,16.38
2013-03-15,9.6,13.81,2.4,4.04,8.11
2013-03-16,3.36,7.47,0.37,1.68,15.57
2013-03-17,-0.12,4.01,-4.68,0.16,11.29
2013-03-18,0.66,7.53,-5.32,0.0,22.44
2013-03-19,4.67,11.22,0.55,0.17,16.09
2013-03-20,6.45,13.85,-1.17,0.0,19.67
2013-03-21,8.26,15.8,3.34,0.07,14.32
2013-03-22,5.55,12.96,-1.03,7.42,7.03
2013-03-23,0.27,4.36,-3.07,0.46,10.82
2013-03-24,3.39,10.36,-2.89,0.0,22.76
2013-03-25,7.02,15.19,-0.02,0.0,18.68
2013-03-26,7.59,13.53,4.03,0.05,8.08
2013-03-27,7.22,11.91,2.93,0.48,14.71
2013-03-28,7.39,11.43,3.9,1.35,10.27
2013-03-29,9.09,13.97,5.1,0.17,21.17
2013-03-30,10.98,17.91,5.06,0.04,21.82
2013-03-31,12.24,19.76,6.24,0.03,17.22
2013-04-01,11.75,19.75,6.26,4.6,11.54
2013-04-02,10.09,17.02,3.54,1.05,24.04
2013-04-03,9.33,14.69,6.15,7.2,5.35
2013-04-04,7.39,11.86,4.43,5.69,13.47
2013-04-05,9.06,15.97,2.88,0.0,25.04
2013-04-06,13.19,20.86,5.0,0.0,22.92
2013-04-07,12.35,19.22,7.01,0.06,16.04
2013-04-08,7.94,11.56,5.27,2.84,13.52
2013-04-09,8.18,13.51,4.78,3.39,12.91
2013-04-10,7.57,13.55,2.89,0.05,22.41
2013-04-11,8.9,15.05,4.4,0.0,20.32
2013-04-12,9.32,15.49,3.44,0.0,23.92
2013-04-13,11.97,18.31,6.19,0.0,25.92
2013-04-14,12.26,17.39,7.34,2.1,22.4
2013-04-15,7.25,10.45,4.99,10.82,8.67
2013-04-16,6.37,11.48,3.5,1.22,11.25
2013-04-17,5.26,10.92,1.44,1.72,6.71
2013-04-18,5.29,12.18,-0.39,0.07,8.91
2013-04-19,6.5,11.96,1.44,6.37,17.78
2013-04-20,7.48,12.33,3.31,2.59,15.42
2013-04-21,6.51,12.97,2.22,0.02,20.48
2013-04-22,6.68,12.19,2.1,0.28,18.21
2013-04-23,8.97,15.74,1.9,0.0,26.03
2013-04-24,11.81,18.33,5.41,0.0,28.5
2013-04-25,10.84,18.49,3.02,0.0,28.55
2013-04-26,13.23,19.51,6.09,0.01,27.99
2013-04-27,15.35,22.15,8.49,0.0,28.32
2013-04-28,17.09,23.57,10.35,0.0,28.29
2013-04-29,16.77,24.01,9.06,0.0,26.35
2013-04-30,17.46,24.65,10.92,0.0,27.27
2013-05-01,16.11,23.75,8.33,0.0,28.88
2013-05-02,17.33,22.63,11.35,0.0,26.66
2013-05-03,17.28,24.2,9.94,0.06,28.27
2013-05-04,19.75,25.26,13.73,0.25,27.31
2013-05-05,16.83,23.38,11.68,2.3,22.93
2013-05-06,16.02,23.74,8.07,0.0,28.42
2013-05-07,17.21,24.15,10.76,0.01,28.0
2013-05-08,17.47,24.53,9.39,0.11,27.38
2013-05-09,15.78,22.43,12.02,0.2,15.97
2013-05-10,14.64,18.63,11.23,2.93,16.02
2013-05-11,11.59,13.49,9.66,9.98,11.98
2013-05-12,12.63,17.07,9.21,16.29,18.35
2013-05-13,10.52,14.08,7.57,8.14,17.12
2013-05-14,10.42,13.71,7.9,3.71,13.64
2013-05-15,11.26,15.22,8.22,2.83,15.13
2013-05-16,14.53,21.15,8.32,0.0,28.77
2013-05-17,16.18,22.48,10.81,0.79,19.54
2013-05-18,18.71,25.14,11.93,0.5,27.07
2013-05-19,17.56,23.72,12.13,0.0,27.64
2013-05-20,15.96,22.06,8.72,0.0,29.58
2013-05-21,17.24,24.48,9.83,0.0,30.52
2013-05-22,18.91,25.56,11.8,0.0,28.36
2013-05-23,18.37,23.86,13.48,0.0,13.43
2013-05-24,17.4,23.49,11.09,0.0,28.82
2013-05-25,15.96,23.8,8.28,0.0,31.66
2013-05-26,16.37,23.43,9.16,0.0,31.45
2013-05-27,16.08,23.09,9.29,0.0,31.61
2013-05-28,15.82,22.87,8.04,0.0,31.98
2013-05-29,18.34,26.24,12.33,0.0,19.81
2013-05-30,18.84,25.61,13.11,0.0,27.43
2013-05-31,19.84,27.64,11.98,0.0,28.95
2013-06-01,17.25,24.18,10.88,0.0,31.57
2013-06-02,18.51,25.32,12.21,0.35,23.59
2013-06-03,15.54,22.67,7.92,0.61,31.03
2013-06-04,17.15,24.75,9.18,1.38,28.09
2013-06-05,17.14,23.61,11.4,0.68,26.94
2013-06-06,15.6,21.31,10.43,1.36,22.61
2013-06-07,16.35,22.09,10.19,0.44,26.32
2013-06-08,16.42,20.73,12.49,9.4,20.87
2013-06-09,15.75,20.68,11.1,0.04,26.74
2013-06-10,16.71,23.56,9.04,0.0,30.5
2013-06-11,20.22,27.03,12.82,0.04,29.94
2013-06-12,19.63,25.63,13.32,0.09,30.58
2013-06-13,18.15,24.21,12.99,2.38,26.86
2013-06-14,17.98,23.3,13.41,1.36,25.12
2013-06-15,16.99,21.57,12.29,1.93,23.94
2013-06-16,17.53,23.8,11.67,0.03,27.77
2013-06-17,18.06,24.41,11.89,0.0,21.77
2013-06-18,18.93,25.99,12.39,0.0,28.05
2013-06-19,19.11,26.97,11.54,0.0,31.54
2013-06-20,19.29,26.11,12.54,0.0,29.94
2013-06-21,18.22,25.85,10.4,0.0,32.19
2013-06-22,19.43,27.04,10.85,0.0,32.11
2013-06-23,21.29,28.62,13.36,0.0,31.99
2013-06-24,23.28,30.21,13.91,0.0,30.08
2013-06-25,25.11,31.63,18.81,0.0,28.44
2013-06-26,25.73,32.44,17.66,1.07,28.36
2013-06-27,25.67,32.45,18.09,1.48,28.68
2013-06-28,26.19,33.05,18.52,0.0,27.37
2013-06-29,24.85,33.06,17.16,0.0,28.85
2013-06-30,22.98,29.68,17.13,0.0,29.11
2013-07-01,18.69,25.21,13.23,0.02,28.79
2013-07-02,16.97,23.36,10.78,0.0,27.1
2013-07-03,17.56,25.68,9.17,0.0,31.04
2013-07-04,19.45,28.31,9.95,0.0,31.48
2013-07-05,21.67,30.4,11.38,0.09,30.22
2013-07-06,23.97,32.35,13.53,0.07,28.02
2013-07-07,24.45,31.89,15.78,0.02,27.93
2013-07-08,24.62,32.08,16.25,0.07,28.8
2013-07-09,24.47,31.97,16.43,0.0,29.52
2013-07-10,23.9,30.85,15.99,0.33,29.43
2013-07-11,23.25,30.08,15.65,0.24,26.2
2013-07-12,24.48,31.34,16.78,0.38,26.78
2013-07-13,24.06,31.19,17.37,1.04,24.94
2013-07-14,23.54,30.02,16.77,0.1,26.53
2013-07-15,23.69,31.15,17.37,12.7,22.27
2013-07-16,21.24,26.5,16.76,5.43,19.89
2013-07-17,19.22,24.52,15.51,10.29,16.1
2013-07-18,18.79,23.62,14.22,0.59,15.0
2013-07-19,19.81,26.05,14.34,0.0,25.94
2013-07-20,20.35,27.02,12.26,0.0,29.45
2013-07-21,20.69,27.57,12.72,0.0,27.05
2013-07-22,19.74,26.0,13.15,0.0,28.28
2013-07-23,19.56,26.28,12.13,0.0,28.5
2013-07-24,20.4,27.55,12.19,0.0,30.38
2013-07-25,20.23,28.04,11.9,0.0,30.66
2013-07-26,19.78,27.03,11.75,0.0,30.0
2013-07-27,18.68,25.72,11.89,0.0,26.46
2013-07-28,18.2,25.75,11.18,0.0,28.36
2013-07-29,19.24,26.97,11.01,0.0,29.97
2013-07-30,21.01,28.48,12.43,0.0,29.49
2013-07-31,21.99,29.62,13.52,0.0,28.5
2013-08-01,21.47,27.56,16.17,0.04,23.34
2013-08-02,21.02,27.98,13.53,0.0,27.34
2013-08-03,21.31,28.99,13.43,0.0,28.6
2013-08-04,20.8,28.12,13.05,0.0,29.17
2013-08-05,19.57,27.21,12.27,0.0,29.73
2013-08-06,19.59,27.25,11.72,0.0,28.94
2013-08-07,19.76,27.2,12.47,0.0,28.59
2013-08-08,20.23,27.76,12.56,0.0,27.71
2013-08-09,20.9,28.4,13.73,0.0,27.86
2013-08-10,21.16,28.66,13.21,0.0,28.68
2013-08-11,23.24,30.36,15.12,0.28,26.28
2013-08-12,22.27,30.31,14.86,0.24,24.59
2013-08-13,22.6,30.31,14.46,0.0,26.04
2013-08-14,22.82,30.62,14.16,0.0,27.19
2013-08-15,22.69,30.28,14.96,0.0,27.1
2013-08-16,21.95,29.19,14.2,0.0,26.28
2013-08-17,22.45,28.33,15.71,0.32,23.41
2013-08-18,21.46,27.06,15.91,1.98,20.28
2013-08-19,21.28,27.08,15.82,0.0,24.06
2013-08-20,20.63,27.15,14.38,0.0,26.71
2013-08-21,20.66,28.28,12.52,0.0,27.14
2013-08-22,21.05,28.65,12.47,0.0,26.53
2013-08-23,22.09,29.7,14.7,2.73,18.46
2013-08-24,20.46,26.22,13.89,0.15,22.68
2013-08-25,22.67,29.38,15.58,0.0,23.69
2013-08-26,23.88,30.51,16.78,0.0,22.52
2013-08-27,23.62,31.22,15.08,0.0,24.69
2013-08-28,24.66,31.69,16.69,0.0,24.71
2013-08-29,24.45,31.91,16.75,0.0,24.18
2013-08-30,23.11,32.15,15.09,0.08,20.62
2013-08-31,20.0,26.74,14.83,0.82,16.09
2013-09-01,17.71,23.11,13.94,0.0,16.69
2013-09-02,19.08,26.47,11.09,0.0,23.99
2013-09-03,18.7,26.73,11.01,0.0,23.35
2013-09-04,15.49,21.42,9.81,1.09,18.68
2013-09-05,12.9,19.64,6.5,0.0,24.91
2013-09-06,14.63,22.16,7.18,0.0,25.14
2013-09-07,16.29,23.48,9.46,0.0,24.74
2013-09-08,15.49,23.33,8.41,0.0,23.99
2013-09-09,14.82,21.67,9.18,0.0,23.71
2013-09-10,17.27,25.93,9.52,0.0,24.11
2013-09-11,18.59,26.61,10.34,0.0,23.19
2013-09-12,20.95,28.22,13.6,0.0,23.15
2013-09-13,23.0,30.65,16.72,0.0,22.53
2013-09-14,20.24,27.6,13.0,0.0,22.47
2013-09-15,15.57,23.55,9.26,0.0,23.1
2013-09-16,16.94,25.9,8.02,0.0,22.41
2013-09-17,16.8,21.38,13.27,0.31,16.29
2013-09-18,17.98,24.65,11.51,0.0,18.97
2013-09-19,18.89,25.01,13.68,0.04,17.89
2013-09-20,18.79,25.24,12.34,0.11,17.6
2013-09-21,15.78,21.26,10.12,0.61,13.04
2013-09-22,12.12,18.63,6.36,0.0,20.51
2013-09-23,11.73,18.33,6.09,0.0,21.27
2013-09-24,13.56,21.28,7.44,0.0,21.22
2013-09-25,14.88,22.97,8.33,0.0,20.91
2013-09-26,16.99,25.68,9.61,0.0,21.07
2013-09-27,17.27,24.97,10.76,0.0,19.12
2013-09-28,16.34,23.08,10.35,0.0,19.37
2013-09-29,17.25,23.8,11.35,0.0,19.52
2013-09-30,18.22,25.65,12.56,0.0,19.51
2013-10-01,15.57,21.59,11.32,5.0,10.79
2013-10-02,13.44,18.44,8.73,10.26,7.02
2013-10-03,7.37,12.41,2.11,0.97,10.12
2013-10-04,3.35,7.57,0.53,0.02,12.44
2013-10-05,2.71,7.38,-0.75,0.0,11.07
2013-10-06,3.52,9.48,-0.43,0.0,16.56
2013-10-07,4.63,12.22,-1.65,0.0,20.24
2013-10-08,7.77,16.26,1.45,0.0,19.82
2013-10-09,10.15,19.79,3.05,0.0,19.78
2013-10-10,13.65,22.25,6.89,0.0,18.58
2013-10-11,15.04,22.43,9.64,0.0,17.82
2013-10-12,13.78,20.74,8.31,0.0,15.48
2013-10-13,11.63,18.96,6.67,0.0,17.39
2013-10-14,9.58,16.83,3.67,0.0,17.92
2013-10-15,11.5,18.29,5.8,0.0,17.68
2013-10-16,13.9,22.05,7.37,0.0,16.39
2013-10-17,12.54,15.0,10.18,8.44,6.12
2013-10-18,8.48,12.5,6.32,2.07,9.83
2013-10-19,6.89,11.22,3.68,0.97,10.35
2013-10-20,5.8,11.8,1.29,0.0,15.95
2013-10-21,6.57,16.18,-1.16,0.0,17.42
2013-10-22,9.2,17.57,3.71,0.0,15.96
2013-10-23,10.56,17.95,5.32,0.0,16.2
2013-10-24,7.64,14.6,1.93,0.0,16.62
2013-10-25,8.2,15.84,2.09,0.0,16.15
2013-10-26,9.31,16.74,4.32,0.0,15.98
2013-10-27,9.14,16.42,3.58,0.0,16.19
2013-10-28,10.41,19.7,4.35,0.0,15.81
2013-10-29,12.02,19.92,8.0,0.0,14.41
2013-10-30,12.36,20.44,7.46,0.0,14.75
2013-10-31,11.67,18.49,7.09,0.0,14.45
2013-11-01,10.29,18.31,4.17,0.0,14.29
2013-11-02,12.9,19.61,7.9,0.0,14.1
2013-11-03,12.55,19.81,7.13,0.0,13.85
2013-11-04,11.59,19.37,6.55,0.0,13.76
2013-11-05,10.08,15.71,5.51,0.0,9.89
2013-11-06,8.49,13.55,3.64,0.06,9.1
2013-11-07,9.55,13.61,6.94,1.86,7.15
2013-11-08,4.45,11.01,-1.0,0.7,12.32
2013-11-09,4.48,11.9,0.15,0.0,12.3
2013-11-10,6.66,16.76,-1.48,0.0,13.67
2013-11-11,8.37,16.1,1.95,0.0,13.04
2013-11-12,9.55,16.41,5.95,0.0,10.6
2013-11-13,8.4,16.4,3.31,0.0,12.69
2013-11-14,9.75,16.35,4.99,0.03,11.32
2013-11-15,8.64,13.33,4.5,0.01,9.73
2013-11-16,4.65,12.1,1.06,0.0,11.12
2013-11-17,3.53,10.93,-0.56,0.0,6.55
2013-11-18,3.75,11.92,-1.76,0.0,11.37
2013-11-19,6.89,14.25,1.91,0.0,11.67
2013-11-20,7.84,14.93,3.72,0.0,11.24
2013-11-21,7.86,14.83,2.95,0.0,10.63
2013-11-22,7.48,11.29,4.74,1.89,5.08
2013-11-23,8.29,14.58,3.64,0.68,9.9
2013-11-24,8.52,13.83,5.78,0.21,7.47
2013-11-25,8.52,13.03,5.04,6.32,5.07
2013-11-26,9.14,13.31,6.15,11.09,5.93
2013-11-27,7.53,12.08,4.43,5.78,8.24
2013-11-28,3.62,8.18,0.77,0.06,6.95
2013-11-29,0.97,5.77,-3.02,0.03,8.71
2013-11-30,0.93,6.73,-3.17,0.0,10.97
2013-12-01,5.32,10.87,-0.13,0.0,6.23
2013-12-02,8.52,15.98,3.94,0.15,9.47
2013-12-03,1.46,5.88,-4.04,0.34,5.05
2013-12-04,-3.42,-1.89,-5.47,3.57,3.18
2013-12-05,-1.17,4.97,-4.47,0.71,10.9
2013-12-06,0.33,7.79,-3.32,0.0,10.95
2013-12-07,0.64,5.66,-6.01,2.37,3.54
2013-12-08,-5.15,-1.37,-6.96,0.04,9.1
2013-12-09,-3.9,-0.88,-6.07,0.01,9.57
2013-12-10,-3.17,0.33,-6.62,0.7,3.39
2013-12-11,-7.58,-5.34,-10.83,0.02,6.07
2013-12-12,-10.13,-6.57,-13.88,0.0,6.49
2013-12-13,-9.61,-4.61,-12.87,0.0,8.46
2013-12-14,-7.16,-1.21,-12.0,0.0,9.02
2013-12-15,-2.25,4.55,-6.89,0.0,9.08
2013-12-16,-0.83,5.19,-3.82,0.0,8.94
2013-12-17,-3.09,0.61,-6.7,0.0,5.37
2013-12-18,-3.71,1.57,-6.64,0.0,5.22
2013-12-19,-2.14,5.21,-7.6,0.0,7.83
2013-12-20,0.4,6.56,-3.28,0.0,8.44
2013-12-21,-0.28,4.6,-4.38,0.0,7.59
2013-12-22,-3.13,4.57,-7.94,0.0,7.83
2013-12-23,0.34,7.71,-4.87,0.0,8.04
2013-12-24,2.1,8.28,-2.43,0.0,8.34
2013-12-25,3.34,7.59,1.34,0.0,7.86
2013-12-26,2.83,7.79,-0.25,0.0,8.76
2013-12-27,2.05,7.81,-1.38,0.0,8.72
2013-12-28,2.55,10.19,-1.24,7.64,7.67
2013-12-29,1.11,7.41,-1.62,0.69,6.59
2013-12-30,0.13,3.59,-2.48,0.34,2.23
2013-12-31,0.45,6.13,-2.66,0.0,7.76
2014-01-01,1.95,7.3,-0.56,0.0,7.04
2014-01-02,2.24,6.91,-0.51,0.2,5.14
2014-01-03,2.4,6.93,0.04,5.44,4.21
2014-01-04,1.43,5.83,-0.34,2.17,3.74
2014-01-05,0.94,7.19,-1.97,0.0,8.86
2014-01-06,1.26,7.65,-3.07,0.0,6.92
2014-01-07,-0.52,5.36,-4.24,0.0,6.5
2014-01-08,-1.26,5.68,-4.75,0.0,7.91
2014-01-09,0.09,7.91,-3.49,0.0,6.52
2014-01-10,1.09,8.17,-2.98,0.0,7.81
2014-01-11,2.46,8.49,-1.01,0.0,8.45
2014-01-12,2.06,7.41,-0.55,0.0,8.05
2014-01-13,2.5,6.85,0.23,0.0,9.03
2014-01-14,1.88,5.24,0.03,0.0,4.65
2014-01-15,3.14,9.91,-0.45,0.01,10.69
2014-01-16,2.02,5.01,0.76,0.05,4.87
2014-01-17,3.73,9.11,0.47,0.0,9.37
2014-01-18,4.24,11.23,-0.5,0.0,11.38
2014-01-19,4.12,9.91,0.58,0.0,10.2
2014-01-20,3.49,11.17,-0.43,0.0,9.47
2014-01-21,4.86,12.42,-0.02,0.21,11.24
2014-01-22,4.31,8.23,1.02,4.32,5.58
2014-01-23,3.4,9.68,-0.1,0.26,12.41
2014-01-24,3.53,9.19,-0.62,7.05,11.65
2014-01-25,3.65,7.24,1.12,15.44,3.73
2014-01-26,4.27,7.28,1.82,7.85,3.48
2014-01-27,3.32,6.73,0.66,2.67,7.91
2014-01-28,2.24,6.97,-0.58,1.22,6.19
2014-01-29,3.98,9.03,0.88,1.7,6.93
2014-01-30,1.74,7.22,-1.81,0.01,11.38
2014-01-31,0.65,7.27,-2.74,0.0,11.98
2014-02-01,-0.09,7.01,-4.06,0.0,13.43
2014-02-02,-2.44,3.41,-6.16,0.0,9.47
2014-02-03,-2.84,3.05,-6.09,0.0,11.45
2014-02-04,-2.89,2.13,-6.64,0.0,13.93
2014-02-05,-1.7,5.06,-7.15,0.0,14.4
2014-02-06,0.61,5.49,-2.28,0.0,14.01
2014-02-07,2.18,7.43,-0.97,0.0,14.31
2014-02-08,2.8,9.55,-1.25,0.0,14.74
2014-02-09,2.53,8.73,-1.51,0.0,10.53
2014-02-10,3.94,10.06,0.99,0.07,9.39
2014-02-11,5.96,14.69,-0.23,0.0,14.96
2014-02-12,6.91,15.58,1.11,0.0,15.02
2014-02-13,5.68,12.86,-0.72,0.01,14.1
2014-02-14,4.24,8.67,1.22,8.89,6.58
2014-02-15,2.86,6.58,0.82,1.19,8.0
2014-02-16,3.64,8.62,0.87,0.0,9.94
2014-02-17,6.09,14.4,-0.08,0.0,16.23
2014-02-18,7.42,15.94,0.79,0.0,16.05
2014-02-19,8.72,16.59,3.8,0.0,16.35
2014-02-20,8.36,16.95,1.38,0.0,17.24
2014-02-21,9.7,17.56,4.26,0.0,14.76
2014-02-22,7.83,13.93,3.37,0.0,14.04
2014-02-23,7.76,15.0,3.21,0.09,15.48
2014-02-24,5.67,11.4,1.3,3.06,8.36
2014-02-25,3.63,6.99,0.63,3.17,6.39
2014-02-26,3.52,8.99,-1.72,0.27,8.13
2014-02-27,2.69,9.08,-2.58,0.6,15.31
2014-02-28,3.45,8.88,-1.06,0.0,10.99
2014-03-01,4.25,13.02,-2.41,0.63,13.06
2014-03-02,7.26,14.69,1.67,0.56,10.66
2014-03-03,6.37,10.65,4.28,1.5,7.86
2014-03-04,5.34,9.34,2.89,1.21,10.83
2014-03-05,5.93,12.5,2.01,6.4,8.89
2014-03-06,5.8,11.18,1.44,3.63,13.76
2014-03-07,5.09,10.18,1.29,1.59,11.15
2014-03-08,6.77,14.17,1.45,1.2,6.06
2014-03-09,6.77,12.69,3.31,2.45,8.05
2014-03-10,4.64,7.88,2.7,6.17,4.29
2014-03-11,4.33,9.48,-0.06,0.7,9.69
2014-03-12,1.24,5.52,-1.93,0.37,9.83
2014-03-13,-0.76,3.15,-4.12,0.18,12.24
2014-03-14,0.16,6.24,-4.76,0.02,18.63
2014-03-15,4.22,11.78,-1.34,0.0,21.89
2014-03-16,3.15,8.03,-2.02,2.27,11.71
2014-03-17,5.52,11.99,0.39,0.03,13.61
2014-03-18,6.88,13.87,1.19,0.0,21.62
2014-03-19,8.72,16.04,2.68,0.0,21.98
2014-03-20,7.3,14.16,0.32,0.0,18.59
2014-03-21,4.96,12.66,-1.51,0.0,21.96
2014-03-22,8.87,17.31,0.14,0.0,23.32
2014-03-23,11.01,17.94,4.94,0.0,22.33
2014-03-24,11.16,19.04,5.53,0.0,21.53
2014-03-25,8.43,14.44,1.77,1.61,13.04
2014-03-26,6.74,14.49,0.38,0.01,20.5
2014-03-27,8.77,16.28,2.51,0.0,22.31
2014-03-28,9.56,16.79,3.76,0.24,14.33
2014-03-29,6.06,10.97,-2.13,0.62,15.61
2014-03-30,-0.32,5.51,-5.71,0.0,24.93
2014-03-31,5.24,14.09,-2.77,0.0,24.96
2014-04-01,9.11,16.49,1.95,0.0,23.87
2014-04-02,8.72,14.52,4.3,0.0,19.96
2014-04-03,8.57,14.07,4.63,0.03,17.46
2014-04-04,10.31,18.02,3.03,0.0,22.62
2014-04-05,10.23,15.54,5.6,0.0,18.2
2014-04-06,12.57,19.91,6.37,0.0,21.64
2014-04-07,11.99,18.62,6.76,0.64,20.42
2014-04-08,7.53,11.37,3.53,2.63,11.73
2014-04-09,8.69,15.62,1.88,0.0,23.75
2014-04-10,9.65,16.95,2.17,0.12,21.86
2014-04-11,9.05,14.06,4.9,6.75,16.57
2014-04-12,7.41,12.75,2.22,0.62,18.93
2014-04-13,8.07,15.61,0.89,0.03,24.14
2014-04-14,8.26,11.89,3.89,0.75,18.44
2014-04-15,10.38,15.15,5.87,1.15,17.87
2014-04-16,11.75,18.57,5.0,0.0,22.74
2014-04-17,12.49,19.67,7.44,0.03,20.26
2014-04-18,9.07,14.77,3.49,6.21,17.57
2014-04-19,7.06,14.0,2.09,2.98,21.01
2014-04-20,9.7,18.28,2.5,0.0,27.03
2014-04-21,10.6,17.66,3.5,0.0,23.9
2014-04-22,13.92,20.83,6.82,0.39,21.86
2014-04-23,16.22,22.98,8.69,0.0,26.37
2014-04-24,17.9,25.6,10.74,0.1,21.4
2014-04-25,17.0,23.92,10.04,0.02,22.26
2014-04-26,14.42,21.57,7.84,0.0,21.41
2014-04-27,13.5,19.15,8.85,2.9,21.82
2014-04-28,11.4,16.91,6.91,1.57,16.09
2014-04-29,10.96,16.02,6.58,1.0,20.71
2014-04-30,10.05,15.83,5.29,4.95,18.64
2014-05-01,10.46,16.05,5.49,1.52,18.32
2014-05-02,11.23,16.99,7.02,0.98,18.83
2014-05-03,13.75,20.39,6.56,0.02,25.72
2014-05-04,15.43,21.71,9.82,1.62,17.07
2014-05-05,12.46,14.3,10.4,18.76,6.01
2014-05-06,12.14,17.74,6.79,0.19,19.46
2014-05-07,11.94,18.83,6.38,0.02,18.79
2014-05-08,10.15,14.54,5.08,9.66,15.16
2014-05-09,11.23,15.31,8.01,15.52,9.18
2014-05-10,10.63,16.41,5.52,2.14,24.81
2014-05-11,11.06,16.15,6.43,6.63,22.59
2014-05-12,13.44,19.31,7.35,0.0,25.56
2014-05-13,15.5,21.19,9.58,0.04,24.24
2014-05-14,16.86,23.67,9.69,0.0,24.79
2014-05-15,15.74,22.3,9.07,0.0,28.83
2014-05-16,14.91,22.23,7.89,0.0,30.56
2014-05-17,13.82,20.86,8.13,0.09,28.64
2014-05-18,12.59,19.1,6.18,0.0,26.3
2014-05-19,13.48,19.85,5.7,0.0,28.62
2014-05-20,15.41,21.52,8.4,0.0,24.34
2014-05-21,16.17,21.71,10.82,0.08,24.81
2014-05-22,15.05,20.92,8.97,0.44,23.35
2014-05-23,14.07,18.33,9.2,3.84,17.85
2014-05-24,15.76,21.19,9.99,0.19,20.88
2014-05-25,16.37,22.5,9.36,0.05,25.48
2014-05-26,17.3,22.97,10.33,1.19,25.63
2014-05-27,18.42,23.82,12.89,2.62,24.84
2014-05-28,19.11,24.86,13.14,0.54,27.31
2014-05-29,20.45,26.42,14.82,0.36,27.49
2014-05-30,15.49,20.14,10.72,5.79,17.5
2014-05-31,14.95,21.07,9.85,0.26,26.1
2014-06-01,12.52,16.11,9.67,8.38,20.29
2014-06-02,13.85,20.37,8.91,1.39,24.6
2014-06-03,14.63,22.14,6.95,0.08,28.47
2014-06-04,17.87,24.46,11.72,0.81,23.68
2014-06-05,14.89,19.07,11.97,4.67,23.09
2014-06-06,13.82,19.16,9.84,3.85,15.88
2014-06-07,13.86,18.74,10.47,8.74,15.22
2014-06-08,14.42,17.48,11.67,1.17,16.95
2014-06-09,15.72,20.41,10.86,2.22,18.87
2014-06-10,16.57,22.36,10.87,2.11,21.22
2014-06-11,17.75,23.79,10.98,0.52,28.78
2014-06-12,15.73,21.37,9.58,0.01,24.76
2014-06-13,15.93,23.31,8.36,0.0,32.14
2014-06-14,19.53,26.49,11.28,0.0,31.9
2014-06-15,21.07,27.66,13.28,0.61,27.65
2014-06-16,18.63,23.62,13.32,1.13,24.89
2014-06-17,20.11,26.63,13.15,0.0,30.26
2014-06-18,21.98,28.64,14.9,0.03,27.46
2014-06-19,22.22,28.27,16.76,0.46,26.2
2014-06-20,18.13,24.12,12.11,1.03,27.44
2014-06-21,16.56,21.87,10.53,0.03,24.86
2014-06-22,17.43,23.74,11.33,0.14,27.34
2014-06-23,16.42,23.85,8.77,0.0,31.86
2014-06-24,17.52,25.38,8.56,0.0,32.25
2014-06-25,19.07,26.77,9.89,0.0,31.56
2014-06-26,23.38,31.56,15.41,0.0,30.22
2014-06-27,24.93,32.74,18.1,0.05,27.18
2014-06-28,24.23,31.8,16.63,0.69,26.24
2014-06-29,21.1,28.3,14.02,0.0,29.71
2014-06-30,22.12,29.33,14.32,0.0,31.47
2014-07-01,24.14,31.51,17.28,0.0,27.18
2014-07-02,22.65,30.89,14.12,0.0,30.45
2014-07-03,22.43,30.65,13.69,0.0,31.13
2014-07-04,19.0,25.8,12.69,0.28,25.9
2014-07-05,18.4,24.08,13.69,0.06,23.09
2014-07-06,19.98,27.18,11.68,0.0,30.53
2014-07-07,23.22,30.5,16.84,0.0,30.61
2014-07-08,22.66,30.34,14.2,0.0,29.2
2014-07-09,24.06,31.83,15.32,0.0,30.58
2014-07-10,25.2,33.03,17.8,0.0,30.3
2014-07-11,25.74,34.2,17.68,0.0,28.95
2014-07-12,24.2,31.17,17.81,0.0,29.97
2014-07-13,22.54,29.4,15.92,0.0,27.67
2014-07-14,22.99,30.26,14.37,0.0,27.0
2014-07-15,24.79,32.26,16.05,0.02,26.73
2014-07-16,24.15,30.47,18.32,0.08,28.21
2014-07-17,23.2,29.82,16.17,0.03,25.48
2014-07-18,22.72,29.06,15.82,1.35,25.11
2014-07-19,21.73,27.56,16.59,0.23,24.9
2014-07-20,20.47,26.87,15.11,0.0,24.81
2014-07-21,20.54,27.06,13.87,0.0,26.16
2014-07-22,23.58,30.77,14.86,0.0,29.12
2014-07-23,25.46,32.88,17.13,0.0,28.8
2014-07-24,24.23,31.6,17.7,0.0,29.14
2014-07-25,22.4,29.84,15.53,0.0,28.01
2014-07-26,22.01,28.18,15.64,1.33,22.99
2014-07-27,23.22,30.74,15.32,0.0,27.97
2014-07-28,24.63,32.0,17.35,0.0,27.96
2014-07-29,25.46,32.9,18.03,0.0,28.27
2014-07-30,24.84,32.96,16.68,0.0,27.72
2014-07-31,25.53,33.27,17.2,0.0,28.48
2014-08-01,26.86,34.07,20.48,0.0,26.74
2014-08-02,24.84,32.55,17.89,0.27,28.59
2014-08-03,23.25,29.58,17.82,0.09,24.88
2014-08-04,22.14,28.28,15.89,0.29,24.71
2014-08-05,21.64,27.86,15.72,0.81,25.86
2014-08-06,23.05,29.34,15.34,0.26,24.72
2014-08-07,23.11,29.95,17.1,8.2,22.44
2014-08-08,20.9,27.1,15.46,0.17,22.71
2014-08-09,20.67,26.8,14.56,0.0,22.28
2014-08-10,21.26,27.74,15.55,0.0,26.52
2014-08-11,22.25,29.32,15.11,0.0,26.05
2014-08-12,23.03,29.99,15.66,0.0,25.52
2014-08-13,22.69,30.2,15.34,0.0,27.89
2014-08-14,23.73,32.32,14.54,0.0,26.92
2014-08-15,26.38,33.63,20.14,0.0,26.14
2014-08-16,25.95,34.1,18.42,0.0,27.38
2014-08-17,26.63,35.15,19.27,0.0,27.21
2014-08-18,21.41,27.91,16.45,1.35,20.19
2014-08-19,21.08,27.16,16.02,0.26,21.97
2014-08-20,22.36,29.56,15.0,0.0,24.87
2014-08-21,24.27,32.35,17.15,0.0,25.88
2014-08-22,22.78,31.05,15.31,0.0,26.58
2014-08-23,22.38,29.95,14.77,0.0,26.09
2014-08-24,23.63,31.36,15.8,0.0,26.37
2014-08-25,23.97,32.28,15.77,0.0,24.84
2014-08-26,24.37,32.63,15.78,0.0,24.86
2014-08-27,26.6,34.64,17.5,0.0,24.7
2014-08-28,25.92,34.57,17.39,0.02,21.77
2014-08-29,24.04,30.86,18.59,0.14,23.2
2014-08-30,24.48,31.05,17.65,0.57,23.3
2014-08-31,24.85,32.75,17.04,0.07,22.29
2014-09-01,24.92,32.15,17.92,0.02,21.97
2014-09-02,24.93,31.41,17.7,0.24,20.97
2014-09-03,24.08,31.13,17.2,0.07,21.5
2014-09-04,23.78,30.29,18.15,0.0,22.42
2014-09-05,23.27,29.99,15.55,0.12,21.5
2014-09-06,21.88,27.07,17.25,16.54,18.3
2014-09-07,19.97,22.78,16.8,1.55,17.71
2014-09-08,19.39,24.21,15.53,3.26,16.15
2014-09-09,18.49,23.91,13.49,1.13,18.96
2014-09-10,17.47,21.55,13.83,6.03,12.28
2014-09-11,19.02,25.29,13.05,0.0,21.81
2014-09-12,20.71,26.6,15.05,0.03,19.92
2014-09-13,19.48,24.52,15.54,2.25,18.9
2014-09-14,18.7,23.97,14.01,0.99,19.74
2014-09-15,19.4,25.66,13.34,2.65,19.63
2014-09-16,18.55,24.09,11.97,5.46,16.22
2014-09-17,16.77,19.84,12.77,11.97,12.0
2014-09-18,14.92,19.98,11.45,0.52,14.21
2014-09-19,13.74,19.0,9.95,0.3,11.86
2014-09-20,13.48,19.05,9.88,0.0,18.3
2014-09-21,15.09,22.43,7.65,0.0,20.89
2014-09-22,17.61,23.76,11.9,0.0,20.39
2014-09-23,19.46,26.35,12.1,1.08,19.19
2014-09-24,16.26,22.73,10.45,2.88,19.24
2014-09-25,13.32,20.48,7.11,0.0,21.53
2014-09-26,15.11,22.19,8.78,0.65,19.37
2014-09-27,13.19,18.66,7.82,18.06,11.71
2014-09-28,9.31,12.64,6.9,17.55,4.15
2014-09-29,10.21,16.2,5.93,0.02,8.54
2014-09-30,9.94,16.67,3.55,0.0,20.67
2014-10-01,12.06,18.71,6.28,0.0,20.75
2014-10-02,11.61,19.25,5.28,0.0,18.45
2014-10-03,10.9,17.86,5.29,0.0,19.57
2014-10-04,13.34,20.65,6.82,0.0,18.59
2014-10-05,15.26,22.05,9.23,0.0,18.06
2014-10-06,14.95,21.31,9.86,0.0,16.66
2014-10-07,14.94,21.47,9.93,0.09,17.82
2014-10-08,14.75,19.68,10.92,0.11,15.43
2014-10-09,14.04,20.87,8.51,0.0,17.68
2014-10-10,13.51,20.72,7.26,0.53,16.98
2014-10-11,14.22,20.89,8.93,1.76,15.95
2014-10-12,13.23,17.73,8.53,2.46,12.74
2014-10-13,12.56,17.17,9.32,1.45,9.36
2014-10-14,10.21,12.01,8.71,5.12,9.85
2014-10-15,11.53,16.22,8.22,0.22,11.69
2014-10-16,12.32,18.07,6.98,0.33,8.91
2014-10-17,13.6,17.77,10.51,2.46,7.09
2014-10-18,13.21,19.62,7.94,3.17,9.65
2014-10-19,7.02,12.25,0.83,0.0,14.68
2014-10-20,4.32,11.42,-0.69,0.0,17.49
2014-10-21,10.48,19.89,2.82,0.0,17.2
2014-10-22,10.07,18.73,3.53,0.04,14.97
2014-10-23,11.52,16.81,7.92,0.75,10.98
2014-10-24,12.0,16.56,9.17,13.53,10.47
2014-10-25,11.5,15.55,8.34,8.62,6.27
2014-10-26,11.31,15.73,8.05,4.13,9.91
2014-10-27,10.21,15.04,6.35,3.61,11.59
2014-10-28,9.52,15.66,6.24,0.05,10.08
2014-10-29,10.14,15.73,5.88,6.68,9.76
2014-10-30,8.95,12.9,6.29,4.83,7.81
2014-10-31,7.16,12.48,4.31,0.34,7.69
2014-11-01,5.53,9.67,1.32,0.27,5.98
2014-11-02,4.56,10.13,0.99,0.0,9.28
2014-11-03,2.34,7.83,-2.84,0.0,10.17
2014-11-04,1.74,10.39,-4.27,0.0,13.86
2014-11-05,6.34,14.58,-0.39,0.0,12.31
2014-11-06,7.73,15.47,2.34,0.0,12.53
2014-11-07,8.52,16.21,3.22,0.0,14.04
2014-11-08,9.1,16.38,3.88,0.0,11.6
2014-11-09,8.79,16.21,4.06,0.0,6.47
2014-11-10,9.95,15.46,4.83,0.01,9.08
2014-11-11,9.84,15.92,6.16,0.0,12.29
2014-11-12,10.08,16.18,6.12,0.0,12.45
2014-11-13,9.22,13.25,6.55,1.78,5.66
2014-11-14,7.35,9.38,5.93,5.66,3.99
2014-11-15,7.8,11.71,5.08,0.41,8.09
2014-11-16,6.36,12.58,1.5,0.12,9.44
2014-11-17,7.92,13.51,3.34,0.0,10.78
2014-11-18,9.05,14.46,4.62,0.0,10.93
2014-11-19,9.39,14.76,5.74,0.07,9.45
2014-11-20,7.21,9.34,5.19,9.14,3.18
2014-11-21,3.67,7.54,1.43,0.52,5.39
2014-11-22,1.44,4.88,-0.58,0.16,6.41
2014-11-23,2.12,5.76,0.67,0.0,3.69
2014-11-24,0.37,4.58,-2.16,0.05,6.38
2014-11-25,-1.13,-0.26,-2.03,6.3,2.68
2014-11-26,0.38,3.24,-1.78,0.89,3.16
2014-11-27,-0.32,4.57,-3.25,0.0,7.32
2014-11-28,2.11,7.77,-2.56,0.0,10.4
2014-11-29,3.94,7.85,0.56,0.01,7.17
2014-11-30,4.52,8.08,1.23,1.4,3.6
2014-12-01,6.64,10.43,4.2,0.39,5.46
2014-12-02,7.67,12.63,4.76,0.17,4.29
2014-12-03,8.32,14.3,5.28,0.49,6.6
2014-12-04,7.95,13.08,5.28,0.48,5.26
2014-12-05,7.92,12.46,5.12,0.19,7.62
2014-12-06,7.81,12.42,4.24,0.03,7.68
2014-12-07,7.07,11.25,4.69,0.4,5.73
2014-12-08,6.5,9.61,4.67,1.86,2.23
2014-12-09,5.64,9.02,3.4,18.5,2.5
2014-12-10,5.73,10.1,2.51,0.27,8.22
2014-12-11,5.61,11.11,2.09,0.1,8.74
2014-12-12,5.7,9.93,2.82,19.26,2.21
2014-12-13,3.51,5.83,1.86,1.12,4.07
2014-12-14,3.13,8.2,0.6,0.0,6.09
2014-12-15,1.75,8.39,-1.38,0.0,7.25
2014-12-16,2.23,8.99,-1.96,0.0,6.3
2014-12-17,2.67,6.59,0.02,0.13,3.47
2014-12-18,3.2,5.77,1.92,3.01,3.0
2014-12-19,2.3,6.31,-0.26,0.1,5.01
2014-12-20,2.0,7.96,-1.72,0.0,8.63
2014-12-21,1.38,7.3,-2.72,0.68,8.15
2014-12-22,-1.98,1.07,-4.88,1.21,7.57
2014-12-23,-0.44,6.27,-4.61,0.0,8.05
2014-12-24,2.06,8.82,-1.79,0.0,10.45
2014-12-25,2.59,9.7,-1.15,0.0,10.7
2014-12-26,1.53,6.79,-2.25,0.12,9.3
2014-12-27,4.54,8.93,1.51,2.84,5.81
2014-12-28,2.67,8.24,-1.78,1.23,8.49
2014-12-29,5.6,9.63,2.51,2.81,4.95
2014-12-30,5.88,9.16,4.38,4.4,7.43
2014-12-31,5.33,8.42,2.91,3.27,3.49
2015-01-01,2.32,5.87,-0.03,5.18,5.15
2015-01-02,-0.96,1.46,-3.3,0.16,4.25
2015-01-03,-0.6,4.12,-3.27,0.02,5.39
2015-01-04,-0.93,2.65,-3.49,1.14,5.17
2015-01-05,-1.73,0.01,-3.86,10.56,3.76
2015-01-06,-5.69,-3.65,-8.25,12.67,2.88
2015-01-07,-8.95,-6.44,-14.38,2.32,2.22
2015-01-08,-13.33,-10.48,-15.65,0.0,7.0
2015-01-09,-14.16,-9.94,-17.5,0.0,6.75
2015-01-10,-9.6,-4.3,-17.66,1.13,1.68
2015-01-11,-4.14,0.47,-9.16,0.17,3.51
2015-01-12,1.17,2.36,-1.78,5.42,4.2
2015-01-13,-1.41,1.42,-6.01,32.61,3.92
2015-01-14,-2.79,1.04,-6.8,0.25,7.84
2015-01-15,-1.52,1.18,-4.61,0.69,6.59
2015-01-16,-2.4,0.57,-5.25,0.45,5.2
2015-01-17,-3.57,1.23,-6.61,0.0,9.6
2015-01-18,-1.47,4.87,-6.27,0.0,7.81
2015-01-19,0.85,5.77,-1.62,0.0,6.85
2015-01-20,2.14,7.46,-0.95,0.0,10.17
2015-01-21,2.27,7.61,-0.65,0.0,10.29
2015-01-22,2.58,8.85,-0.25,0.0,11.45
2015-01-23,3.27,10.87,-0.79,0.04,11.0
2015-01-24,2.66,7.66,-1.64,3.38,9.02
2015-01-25,1.96,6.78,-1.25,0.54,6.61
2015-01-26,2.33,7.07,-0.7,0.15,8.91
2015-01-27,2.67,8.02,-0.92,0.47,11.2
2015-01-28,1.38,4.83,-0.64,1.42,8.75
2015-01-29,1.73,6.71,-1.09,0.17,11.21
2015-01-30,2.14,7.13,-0.86,0.28,11.38
2015-01-31,4.48,8.21,1.06,0.37,6.85
2015-02-01,5.77,8.84,4.48,0.06,8.97
2015-02-02,6.36,9.65,4.64,2.38,9.55
2015-02-03,3.0,5.72,-0.06,1.98,10.25
2015-02-04,2.13,6.94,-1.27,0.02,12.35
2015-02-05,4.06,10.8,-0.09,0.0,13.76
2015-02-06,4.54,12.89,-1.3,0.0,13.55
2015-02-07,4.4,9.2,0.77,0.04,10.57
2015-02-08,2.12,6.55,-1.49,1.19,12.33
2015-02-09,0.98,3.4,-1.85,3.41,8.06
2015-02-10,-0.51,4.88,-4.31,18.92,3.22
2015-02-11,-3.66,0.06,-6.77,11.96,2.55
2015-02-12,-4.57,-0.51,-8.03,1.94,4.04
2015-02-13,-3.93,0.8,-7.91,0.43,3.64
2015-02-14,-2.61,2.38,-6.05,0.75,6.3
2015-02-15,-1.05,1.99,-3.55,4.2,6.05
2015-02-16,-2.52,1.71,-5.4,6.56,6.76
2015-02-17,-6.02,-3.17,-8.37,0.34,6.6
2015-02-18,-8.08,-6.78,-9.09,0.18,7.21
2015-02-19,-7.26,-4.56,-9.65,1.85,4.35
2015-02-20,-5.57,-0.76,-11.48,0.9,6.96
2015-02-21,-5.79,-0.41,-9.9,0.05,14.31
2015-02-22,-2.85,4.91,-10.41,0.0,12.28
2015-02-23,0.71,3.78,-1.77,2.21,5.65
2015-02-24,1.46,5.63,-0.59,5.31,7.21
2015-02-25,2.46,7.45,-0.27,1.04,10.33
2015-02-26,4.23,9.59,0.63,0.53,9.47
2015-02-27,5.45,12.95,0.07,0.87,15.81
2015-02-28,4.8,8.66,1.98,2.73,11.57
2015-03-01,3.95,8.18,0.49,0.45,10.39
2015-03-02,3.03,8.09,-0.28,0.16,10.93
2015-03-03,2.0,5.68,-1.62,0.34,9.61
2015-03-04,0.88,5.67,-4.05,0.07,15.03
2015-03-05,1.41,9.4,-5.09,0.0,19.4
2015-03-06,5.38,12.82,0.07,0.0,14.16
2015-03-07,7.69,13.46,2.65,0.0,15.79
2015-03-08,10.03,16.27,5.47,0.0,19.12
2015-03-09,9.45,16.4,4.72,0.0,19.17
2015-03-10,8.56,15.52,3.99,0.0,16.75
2015-03-11,7.36,11.63,3.61,0.6,14.88
2015-03-12,3.45,6.75,0.71,8.01,10.52
2015-03-13,3.62,9.43,-0.55,1.15,15.89
2015-03-14,3.75,7.93,1.66,5.77,7.31
2015-03-15,3.44,6.9,1.04,1.91,8.41
2015-03-16,2.98,7.73,-0.16,0.0,11.39
2015-03-17,1.04,6.33,-3.52,0.01,10.84
2015-03-18,0.69,6.15,-4.32,3.36,15.45
2015-03-19,0.61,5.08,-2.76,2.44,9.76
2015-03-20,0.1,4.92,-3.83,2.16,18.23
2015-03-21,-1.42,2.25,-4.67,1.57,7.78
2015-03-22,1.54,7.76,-3.39,0.01,20.08
2015-03-23,3.68,8.19,-1.36,2.93,10.41
2015-03-24,4.38,9.46,0.92,0.46,10.03
2015-03-25,5.38,11.77,0.08,0.02,22.74
2015-03-26,9.08,17.05,1.34,0.18,19.74
2015-03-27,8.93,15.63,5.76,28.31,4.88
2015-03-28,8.14,11.9,5.15,15.15,8.53
2015-03-29,6.39,10.56,3.35,5.21,13.98
2015-03-30,6.46,11.32,3.1,3.31,12.18
2015-03-31,5.55,8.97,2.7,2.29,8.95
2015-04-01,7.75,14.1,1.17,0.09,23.16
2015-04-02,6.93,12.44,-1.11,2.04,13.43
2015-04-03,3.71,12.08,-3.99,0.0,21.53
2015-04-04,1.81,6.73,-2.47,0.46,24.24
2015-04-05,4.82,11.94,-2.5,0.03,19.34
2015-04-06,7.84,14.94,0.82,0.8,23.65
2015-04-07,8.09,13.34,3.88,10.32,12.97
2015-04-08,5.18,10.28,1.53,7.82,7.36
2015-04-09,0.94,5.24,-2.14,13.94,5.59
2015-04-10,-0.82,2.06,-4.32,0.86,9.19
2015-04-11,-1.16,3.26,-6.02,0.01,14.84
2015-04-12,2.56,9.08,-3.33,0.06,23.06
2015-04-13,4.79,11.08,-2.51,0.0,23.25
2015-04-14,7.39,13.33,0.6,0.0,24.73
2015-04-15,7.09,11.57,3.38,0.0,16.37
2015-04-16,9.29,15.93,1.94,0.0,26.29
2015-04-17,10.91,17.81,4.69,0.0,26.66
2015-04-18,10.94,18.16,3.84,0.0,24.7
2015-04-19,11.36,18.13,4.55,0.21,26.6
2015-04-20,8.94,12.94,3.77,1.87,13.0
2015-04-21,4.72,11.2,0.26,2.84,21.15
2015-04-22,1.85,7.76,-3.62,0.98,21.56
2015-04-23,0.46,4.55,-3.13,0.4,13.39
2015-04-24,4.38,11.86,-3.8,0.0,28.55
2015-04-25,8.45,15.35,1.74,0.0,24.19
2015-04-26,9.16,13.89,4.31,0.92,17.63
2015-04-27,11.92,17.6,5.56,0.0,25.79
2015-04-28,13.76,21.48,7.63,0.0,26.09
2015-04-29,12.48,19.26,6.5,0.0,26.38
2015-04-30,11.63,18.13,5.0,0.01,25.91
2015-05-01,10.79,15.12,8.06,4.15,19.07
2015-05-02,13.28,19.42,6.75,0.21,27.45
2015-05-03,12.23,16.74,6.62,0.45,19.41
2015-05-04,11.12,17.05,6.05,0.0,26.12
2015-05-05,12.94,19.43,5.69,0.0,29.5
2015-05-06,14.13,20.74,7.22,0.0,28.48
2015-05-07,16.59,22.42,8.85,0.0,29.05
2015-05-08,15.89,21.89,10.0,6.24,8.51
2015-05-09,12.88,18.63,8.48,0.0,22.31
2015-05-10,12.25,18.23,5.91,0.01,26.24
2015-05-11,12.28,18.34,5.21,3.78,25.3
2015-05-12,11.6,16.98,5.85,0.07,20.31
2015-05-13,10.55,16.36,4.43,0.01,26.8
2015-05-14,13.24,18.76,7.32,0.0,27.07
2015-05-15,14.46,21.24,7.24,0.01,29.59
2015-05-16,17.82,24.92,8.64,0.06,28.0
2015-05-17,20.62,26.92,13.23,0.09,26.98
2015-05-18,19.44,26.93,12.79,0.0,28.12
2015-05-19,19.48,26.1,13.28,0.14,29.34
2015-05-20,17.95,25.35,11.07,0.15,29.38
2015-05-21,13.23,17.18,9.41,5.3,22.3
2015-05-22,14.91,20.96,8.28,0.27,24.82
2015-05-23,17.86,23.97,10.33,0.05,29.04
2015-05-24,18.38,24.25,12.6,0.09,25.1
2015-05-25,17.11,23.7,10.39,0.45,29.57
2015-05-26,17.03,23.56,9.68,0.09,30.06
2015-05-27,16.12,21.27,11.27,18.14,16.57
2015-05-28,14.48,18.94,10.34,1.25,21.33
2015-05-29,11.64,14.92,9.75,19.26,9.36
2015-05-30,9.97,14.24,5.67,3.07,12.58
2015-05-31,13.25,18.77,8.35,0.06,20.23
2015-06-01,14.82,20.8,7.87,0.0,26.71
2015-06-02,15.14,21.8,8.97,8.16,24.59
2015-06-03,14.18,17.83,9.92,2.09,19.91
2015-06-04,12.88,15.83,9.95,6.74,14.4
2015-06-05,13.11,17.59,9.98,0.15,16.38
2015-06-06,13.58,17.47,10.63,2.63,17.73
2015-06-07,16.08,20.64,10.79,21.02,21.59
2015-06-08,17.46,21.61,14.02,12.89,23.3
2015-06-09,16.78,21.65,12.34,1.98,26.76
2015-06-10,15.99,20.44,12.2,2.58,21.62
2015-06-11,15.21,18.8,11.39,4.73,19.94
2015-06-12,14.71,18.42,12.04,2.67,18.53
2015-06-13,15.77,20.23,11.52,1.01,20.99
2015-06-14,16.8,21.95,11.2,0.05,24.85
2015-06-15,16.86,22.65,11.12,0.05,29.8
2015-06-16,18.03,23.69,11.19,0.53,28.23
2015-06-17,18.03,23.21,12.82,0.06,27.12
2015-06-18,18.87,25.41,13.29,3.44,25.87
2015-06-19,16.89,22.58,11.85,11.04,22.76
2015-06-20,15.78,20.85,11.24,0.99,23.28
2015-06-21,17.09,22.43,10.79,5.33,23.79
2015-06-22,18.21,23.67,11.5,1.38,25.34
2015-06-23,17.49,22.64,12.83,3.85,17.36
2015-06-24,16.38,21.67,11.98,0.43,28.23
2015-06-25,16.52,22.58,10.65,0.0,27.27
2015-06-26,16.71,22.56,11.08,0.1,27.18
2015-06-27,15.74,21.02,12.15,19.07,14.21
2015-06-28,14.8,19.35,11.18,1.53,23.32
2015-06-29,14.85,19.54,9.09,5.84,21.5
2015-06-30,16.46,21.65,11.57,1.62,26.26
2015-07-01,18.15,24.41,10.98,0.07,28.39
2015-07-02,17.94,23.51,12.51,13.51,25.54
2015-07-03,17.2,22.47,12.63,0.17,23.65
2015-07-04,18.68,24.9,12.35,0.0,28.48
2015-07-05,20.26,26.55,12.62,0.0,28.62
2015-07-06,19.48,25.78,14.12,0.0,28.42
2015-07-07,19.41,26.28,12.83,0.0,28.59
2015-07-08,19.87,25.7,12.75,0.0,30.33
2015-07-09,22.02,27.37,14.56,0.0,28.55
2015-07-10,22.16,28.07,16.39,0.01,28.13
2015-07-11,19.66,24.13,15.52,0.26,23.56
2015-07-12,19.4,24.99,13.43,0.0,24.06
2015-07-13,18.19,24.79,10.75,0.0,27.82
2015-07-14,19.68,26.95,12.45,0.0,30.5
2015-07-15,18.45,25.24,11.15,0.0,29.68
2015-07-16,19.34,26.33,12.1,0.0,29.75
2015-07-17,18.44,25.77,11.42,0.0,31.14
2015-07-18,18.26,26.22,10.83,0.0,31.46
2015-07-19,18.54,27.0,9.97,0.0,29.9
2015-07-20,20.13,28.61,10.71,0.0,31.11
2015-07-21,21.04,29.52,12.55,0.0,30.89
2015-07-22,20.15,28.64,11.71,0.0,30.79
2015-07-23,21.05,29.76,12.11,0.0,30.08
2015-07-24,24.61,31.84,17.52,0.0,28.71
2015-07-25,23.74,30.93,16.03,0.0,26.19
2015-07-26,24.39,30.25,18.04,0.0,26.07
2015-07-27,23.56,29.48,18.2,0.53,23.79
2015-07-28,23.49,30.7,16.29,0.0,27.63
2015-07-29,24.41,31.65,17.85,0.0,28.38
2015-07-30,24.99,32.66,17.7,0.0,25.21
2015-07-31,24.66,31.33,18.47,0.74,25.76
2015-08-01,22.76,29.92,16.42,0.01,26.62
2015-08-02,23.35,29.77,16.51,0.04,25.1
2015-08-03,24.29,30.91,17.76,0.12,24.72
2015-08-04,24.33,30.73,16.67,1.75,21.47
2015-08-05,24.85,30.88,19.67,1.43,25.84
2015-08-06,23.37,29.6,18.1,8.02,19.96
2015-08-07,23.03,28.78,17.01,0.6,25.29
2015-08-08,23.64,29.78,16.67,2.41,24.88
2015-08-09,24.18,30.15,17.85,1.53,24.74
2015-08-10,23.58,29.87,17.72,5.8,23.73
2015-08-11,21.8,26.89,17.27,3.0,22.62
2015-08-12,22.58,28.89,16.86,0.0,25.82
2015-08-13,23.65,30.38,16.34,0.18,25.22
2015-08-14,23.85,30.86,16.92,0.41,22.13
2015-08-15,23.14,28.38,18.52,18.58,21.05
2015-08-16,22.33,27.78,17.85,6.39,23.75
2015-08-17,23.34,29.07,18.77,0.01,25.15
2015-08-18,24.19,30.97,17.76,0.0,24.67
2015-08-19,23.58,30.37,17.76,0.0,23.35
2015-08-20,24.18,30.29,17.41,0.01,22.83
2015-08-21,24.57,30.44,19.38,1.74,22.47
2015-08-22,24.09,31.33,17.81,0.02,23.16
2015-08-23,21.59,28.13,16.42,0.06,18.86
2015-08-24,19.42,25.6,14.73,0.0,22.7
2015-08-25,17.82,24.4,12.36,0.0,25.79
2015-08-26,16.86,23.36,10.12,0.0,26.3
2015-08-27,17.87,24.54,11.18,0.0,24.2
2015-08-28,18.17,25.38,11.51,0.0,26.52
2015-08-29,17.4,24.52,10.62,0.0,25.83
2015-08-30,17.7,25.48,10.01,0.0,25.56
2015-08-31,18.68,27.14,10.39,0.0,25.46
2015-09-01,20.09,28.62,12.48,0.0,25.93
2015-09-02,22.56,30.73,15.11,0.0,25.31
2015-09-03,23.99,31.52,17.74,0.0,24.69
2015-09-04,21.76,29.76,14.32,0.48,22.7
2015-09-05,22.94,30.85,15.96,0.0,24.02
2015-09-06,23.62,31.11,16.5,0.0,24.57
2015-09-07,24.59,31.24,18.87,0.0,22.69
2015-09-08,23.1,31.15,16.01,0.25,20.05
2015-09-09,21.86,29.88,15.32,0.0,21.61
2015-09-10,23.16,31.05,15.79,0.0,22.18
2015-09-11,24.65,32.07,18.84,0.67,21.3
2015-09-12,22.57,29.46,15.79,0.02,21.79
2015-09-13,19.17,26.14,14.08,0.07,20.6
2015-09-14,20.55,28.43,13.5,0.0,21.57
2015-09-15,21.62,30.01,13.71,0.0,21.85
2015-09-16,21.27,29.55,13.84,0.0,21.45
2015-09-17,20.85,28.94,13.62,0.0,21.29
2015-09-18,20.76,29.13,13.34,0.0,21.95
2015-09-19,21.5,28.77,14.5,0.02,21.73
2015-09-20,19.73,26.36,13.81,0.3,19.67
2015-09-21,17.39,21.61,12.89,2.9,13.57
2015-09-22,16.85,21.78,12.39,1.74,15.64
2015-09-23,16.63,22.21,12.23,17.05,13.36
2015-09-24,17.66,23.85,12.16,0.57,18.44
2015-09-25,18.75,25.54,12.45,0.02,18.98
2015-09-26,20.25,26.8,13.5,0.0,19.39
2015-09-27,21.55,27.32,16.22,0.0,16.34
2015-09-28,20.29,26.35,15.49,0.36,14.6
2015-09-29,17.5,22.39,13.42,0.41,15.72
2015-09-30,15.13,19.4,11.4,2.19,12.87
2015-10-01,14.12,19.68,10.18,1.13,10.91
2015-10-02,14.95,22.24,9.9,0.0,18.4
2015-10-03,16.42,24.19,9.66,0.0,18.91
2015-10-04,17.4,25.19,10.89,0.0,18.94
2015-10-05,18.52,24.59,13.24,0.01,17.37
2015-10-06,14.35,19.83,9.32,3.78,7.14
2015-10-07,11.81,17.19,8.42,0.29,7.33
2015-10-08,11.74,15.64,8.46,0.17,12.67
2015-10-09,13.35,19.49,8.06,0.0,15.58
2015-10-10,14.27,21.12,7.84,0.0,17.11
2015-10-11,16.94,25.11,10.0,0.17,13.38
2015-10-12,16.44,20.68,12.81,0.34,8.76
2015-10-13,14.76,20.22,10.18,0.06,12.12
2015-10-14,12.95,19.61,9.37,0.0,13.67
2015-10-15,14.29,21.93,8.63,0.0,17.12
2015-10-16,14.94,21.98,9.47,0.0,17.08
2015-10-17,15.44,21.76,10.87,0.0,14.91
2015-10-18,17.06,24.01,11.97,0.0,15.54
2015-10-19,16.05,22.61,11.07,0.0,13.71
2015-10-20,15.61,22.52,10.27,0.84,15.69
2015-10-21,14.79,19.76,11.2,4.93,12.58
2015-10-22,13.56,18.76,10.46,2.37,8.56
2015-10-23,13.58,16.86,11.32,9.05,3.78
2015-10-24,13.26,17.0,9.91,3.89,11.63
2015-10-25,9.3,11.79,6.75,0.51,5.69
2015-10-26,7.29,13.45,3.18,0.01,14.16
2015-10-27,5.61,12.06,0.71,0.0,15.13
2015-10-28,5.25,10.84,1.87,0.0,9.63
2015-10-29,5.04,12.2,0.7,0.0,9.69
2015-10-30,5.29,12.66,0.91,0.0,14.09
2015-10-31,5.17,11.37,0.59,0.0,10.32
2015-11-01,4.46,12.01,-0.66,0.0,14.76
2015-11-02,4.14,12.81,-2.88,0.0,15.21
2015-11-03,6.43,14.42,0.44,0.0,14.69
2015-11-04,7.74,15.72,1.59,0.0,14.28
2015-11-05,9.14,16.48,4.84,0.0,14.28
2015-11-06,9.19,16.28,4.12,0.0,13.33
2015-11-07,8.87,16.61,4.16,0.0,13.12
2015-11-08,5.57,12.09,1.99,0.0,9.23
2015-11-09,5.64,12.12,2.37,0.0,11.09
2015-11-10,5.36,10.02,2.44,0.0,12.73
2015-11-11,6.19,11.5,0.66,0.0,6.62
2015-11-12,8.79,14.83,5.06,0.0,9.9
2015-11-13,9.35,16.26,5.03,0.0,12.94
2015-11-14,9.36,17.07,3.81,0.0,13.28
2015-11-15,8.12,14.98,4.54,0.0,10.89
2015-11-16,6.86,14.45,1.68,0.0,11.5
2015-11-17,4.95,10.54,1.55,0.0,12.14
2015-11-18,4.52,10.34,0.75,0.0,11.45
2015-11-19,6.96,14.4,1.17,0.0,11.92
2015-11-20,7.56,16.26,2.53,0.0,12.27
2015-11-21,7.37,13.83,2.56,0.0,11.73
2015-11-22,8.07,14.85,4.66,0.0,11.21
2015-11-23,8.51,16.03,3.06,0.0,11.8
2015-11-24,9.02,16.73,3.3,0.0,11.28
2015-11-25,7.87,13.45,4.81,0.0,5.6
2015-11-26,7.59,13.48,1.88,2.13,4.75
2015-11-27,7.9,13.19,4.74,1.35,7.66
2015-11-28,7.71,12.06,5.25,4.44,6.64
2015-11-29,6.09,10.89,3.72,1.47,7.92
2015-11-30,2.57,5.74,-2.27,0.48,5.94
2015-12-01,1.54,7.71,-3.32,0.0,10.55
2015-12-02,1.34,7.15,-4.41,0.09,6.3
2015-12-03,-3.1,1.6,-5.56,0.01,10.22
2015-12-04,-2.41,1.99,-4.87,0.0,10.19
2015-12-05,-2.7,2.34,-5.44,0.0,11.43
2015-12-06,0.95,7.17,-3.12,0.0,11.04
2015-12-07,3.36,10.15,0.12,0.0,10.61
2015-12-08,4.22,10.51,0.99,0.0,10.64
2015-12-09,1.79,8.25,-1.52,0.0,10.38
2015-12-10,2.13,8.61,-0.9,0.0,9.61
2015-12-11,2.79,9.39,-0.85,0.12,9.61
2015-12-12,0.7,6.32,-2.61,1.91,7.94
2015-12-13,-0.5,4.99,-2.71,0.0,5.15
2015-12-14,-0.28,6.4,-3.45,0.0,9.24
2015-12-15,0.17,6.61,-2.91,0.0,8.79
2015-12-16,0.36,7.36,-3.33,0.0,6.95
2015-12-17,-1.96,1.95,-3.47,0.01,4.41
2015-12-18,-1.03,4.84,-3.24,0.02,7.22
2015-12-19,0.41,6.9,-2.66,0.0,6.8
2015-12-20,0.33,6.21,-2.6,0.0,6.34
2015-12-21,-1.23,5.38,-4.15,0.0,7.04
2015-12-22,0.02,6.24,-3.23,0.0,7.41
2015-12-23,-0.3,4.23,-2.62,0.0,7.74
2015-12-24,1.64,7.63,-1.2,0.0,8.6
2015-12-25,3.76,10.6,0.05,0.0,8.6
2015-12-26,0.32,5.61,-2.19,0.0,8.88
2015-12-27,0.52,6.7,-2.59,0.0,9.48
2015-12-28,1.93,9.19,-2.56,0.02,9.46
2015-12-29,2.34,9.25,-2.89,0.0,8.28
2015-12-30,-3.14,-0.6,-7.4,0.08,6.55
2015-12-31,-8.32,-6.29,-9.4,0.05,7.38
2016-01-01,-9.29,-7.32,-11.57,0.1,8.17
2016-01-02,-8.67,-2.96,-14.02,0.0,10.13
2016-01-03,-4.17,1.59,-10.02,0.1,7.82
2016-01-04,-0.5,1.24,-2.21,11.0,2.83
2016-01-05,2.65,4.66,0.84,3.06,3.58
2016-01-06,4.6,8.12,2.67,0.26,5.67
2016-01-07,4.26,6.6,0.97,5.44,3.14
2016-01-08,-0.21,3.06,-3.79,3.04,5.43
2016-01-09,-1.27,3.76,-5.34,0.0,10.67
2016-01-10,1.66,7.86,-2.56,0.79,8.17
2016-01-11,2.93,7.07,0.74,1.35,8.12
2016-01-12,5.55,10.7,2.47,0.07,8.47
2016-01-13,5.72,10.18,0.95,10.36,5.63
2016-01-14,0.71,4.21,-2.48,3.87,6.46
2016-01-15,-0.18,5.97,-4.14,0.0,9.01
2016-01-16,2.36,6.05,-1.17,0.52,7.57
2016-01-17,4.93,8.75,2.42,4.51,6.51
2016-01-18,1.54,5.23,-2.49,13.25,3.75
2016-01-19,-5.24,-3.0,-6.97,0.3,4.41
2016-01-20,-3.47,1.6,-7.51,0.89,6.83
2016-01-21,0.61,4.22,-2.17,5.39,5.12
2016-01-22,-2.66,0.97,-6.55,0.45,4.74
2016-01-23,-6.67,-4.71,-8.29,0.26,5.76
2016-01-24,-8.95,-6.87,-11.05,0.03,8.02
2016-01-25,-9.39,-6.41,-11.15,0.0,7.08
2016-01-26,-8.18,-1.65,-12.82,0.02,7.19
2016-01-27,-7.32,-2.19,-11.11,0.19,9.62
2016-01-28,-2.21,4.24,-8.1,0.03,6.72
2016-01-29,2.29,8.2,-2.06,0.0,10.79
2016-01-30,2.11,6.98,-0.45,0.0,8.41
2016-01-31,2.08,8.21,-1.12,0.01,10.55
2016-02-01,2.07,7.31,-0.07,0.02,6.81
2016-02-02,2.57,6.87,-0.55,0.07,12.65
2016-02-03,4.3,13.38,-0.81,0.0,13.72
2016-02-04,3.26,9.14,-0.69,0.0,12.93
2016-02-05,3.31,8.0,0.33,8.92,7.29
2016-02-06,-1.99,0.75,-4.74,1.2,4.59
2016-02-07,-3.46,0.99,-5.5,0.0,8.13
2016-02-08,-1.5,4.39,-5.5,0.0,12.62
2016-02-09,1.5,7.14,-2.62,0.0,12.96
2016-02-10,1.77,7.34,-1.14,0.03,13.8
2016-02-11,3.15,6.81,0.98,0.91,4.74
2016-02-12,5.49,10.88,2.4,0.02,10.82
2016-02-13,5.76,10.08,3.68,0.54,5.34
2016-02-14,6.83,11.9,4.21,0.61,9.78
2016-02-15,8.34,15.47,4.08,0.04,9.12
2016-02-16,10.92,18.24,4.07,0.0,14.79
2016-02-17,11.15,15.55,8.52,0.0,10.88
2016-02-18,10.12,17.0,5.67,0.0,12.13
2016-02-19,8.35,14.6,3.44,0.08,12.81
2016-02-20,6.82,12.47,2.86,0.01,14.92
2016-02-21,2.24,6.0,-1.85,2.97,5.16
2016-02-22,0.23,6.26,-4.22,0.0,17.27
2016-02-23,4.45,11.62,-1.47,0.0,17.24
2016-02-24,6.85,15.37,0.92,1.1,13.23
2016-02-25,6.43,12.67,0.06,0.41,13.01
2016-02-26,8.35,15.48,2.57,0.03,16.39
2016-02-27,8.03,13.4,3.98,0.63,11.94
2016-02-28,8.79,16.02,2.87,0.0,17.55
2016-02-29,10.19,20.33,1.17,0.0,18.2
2016-03-01,10.71,19.35,5.24,0.0,18.06
2016-03-02,9.68,17.36,5.03,1.4,13.46
2016-03-03,5.62,9.02,1.2,4.97,8.71
2016-03-04,4.72,8.99,1.56,2.15,9.28
2016-03-05,2.77,6.46,-0.66,4.97,7.47
2016-03-06,5.34,12.35,-0.99,0.0,19.3
2016-03-07,6.87,15.64,1.02,0.0,18.36
2016-03-08,9.56,17.55,0.77,0.0,19.74
2016-03-09,10.37,17.61,4.46,0.0,18.86
2016-03-10,6.54,11.91,2.21,2.39,12.18
2016-03-11,6.44,12.37,2.53,0.03,17.98
2016-03-12,8.79,15.08,2.87,0.0,20.48
2016-03-13,10.57,18.43,4.26,0.04,18.92
2016-03-14,5.17,8.68,0.88,15.41,5.32
2016-03-15,2.33,6.24,-0.23,1.52,5.29
2016-03-16,1.03,5.61,-2.55,1.03,12.09
2016-03-17,1.15,6.74,-3.36,0.0,15.09
2016-03-18,4.11,11.5,-1.18,0.02,22.25
2016-03-19,2.89,5.74,0.74,4.26,6.97
2016-03-20,3.27,7.57,-0.02,0.46,14.91
2016-03-21,4.05,10.25,-2.46,0.0,20.91
2016-03-22,6.65,15.66,0.64,0.0,18.93
2016-03-23,8.13,14.46,3.45,0.0,13.9
2016-03-24,9.17,13.81,5.19,0.27,15.62
2016-03-25,6.51,11.61,2.31,2.65,17.45
2016-03-26,3.0,6.7,-1.44,4.18,14.03
2016-03-27,2.63,9.89,-2.34,0.71,12.8
2016-03-28,1.28,6.28,-3.82,0.83,10.27
2016-03-29,3.11,10.01,-4.28,0.0,24.18
2016-03-30,7.15,12.77,1.78,0.0,21.05
2016-03-31,9.9,16.62,3.93,0.0,24.27
2016-04-01,11.69,19.4,4.93,0.0,24.71
2016-04-02,11.77,18.97,5.91,0.0,23.43
2016-04-03,10.28,17.17,5.31,0.0,24.72
2016-04-04,12.34,20.52,4.73,0.0,25.52
2016-04-05,13.16,20.91,7.39,0.0,25.26
2016-04-06,15.57,22.3,8.38,0.0,22.76
2016-04-07,16.01,23.07,10.0,0.0,23.15
2016-04-08,14.54,21.54,8.8,0.27,15.18
2016-04-09,14.26,21.28,9.45,4.58,16.69
2016-04-10,11.93,16.89,7.68,1.31,19.7
2016-04-11,8.16,12.84,4.25,11.35,14.95
2016-04-12,7.23,10.88,3.81,5.59,10.09
2016-04-13,10.17,15.91,6.12,0.04,19.96
2016-04-14,12.7,20.22,4.84,0.06,25.57
2016-04-15,14.68,22.34,8.89,0.0,23.81
2016-04-16,14.33,21.98,6.34,0.0,27.58
2016-04-17,15.5,23.42,8.03,0.0,27.95
2016-04-18,16.15,23.35,9.49,0.0,27.4
2016-04-19,17.95,25.21,11.68,0.0,26.27
2016-04-20,17.05,24.82,9.93,0.0,24.85
2016-04-21,9.16,14.26,2.31,0.0,22.66
2016-04-22,10.05,19.49,-0.57,0.0,29.34
2016-04-23,13.8,20.88,8.35,0.0,18.89
2016-04-24,14.1,20.99,8.11,0.0,23.47
2016-04-25,11.51,17.51,6.77,0.91,19.56
2016-04-26,10.51,16.17,4.19,5.04,16.26
2016-04-27,9.8,17.76,2.03,0.0,27.32
2016-04-28,12.69,19.21,7.16,0.0,28.76
2016-04-29,12.99,20.46,5.42,0.0,23.22
2016-04-30,13.16,17.7,8.87,0.55,13.07
2016-05-01,13.85,19.77,8.23,0.01,23.2
2016-05-02,16.29,22.97,9.0,0.17,16.11
2016-05-03,13.89,20.33,7.06,9.58,18.07
2016-05-04,8.98,14.16,5.35,5.16,17.24
2016-05-05,8.14,12.57,5.13,6.32,17.15
2016-05-06,7.76,11.38,4.08,2.95,12.17
2016-05-07,10.29,15.61,4.82,1.2,20.69
2016-05-08,13.1,18.19,7.14,2.84,23.78
2016-05-09,14.64,20.73,8.88,0.06,23.04
2016-05-10,12.53,18.51,8.02,0.46,19.87
2016-05-11,14.26,21.48,7.36,0.0,24.4
2016-05-12,16.16,22.14,9.29,0.0,22.98
2016-05-13,17.0,23.46,11.43,0.79,21.01
2016-05-14,15.45,22.46,8.63,2.53,16.56
2016-05-15,17.05,24.14,12.1,3.47,16.85
2016-05-16,15.76,22.77,8.85,0.25,30.5
2016-05-17,15.59,23.38,8.31,0.48,28.33
2016-05-18,12.37,18.49,7.95,2.17,21.33
2016-05-19,12.43,19.12,5.63,0.03,29.49
2016-05-20,15.07,22.24,6.71,0.0,29.39
2016-05-21,16.46,22.21,11.95,1.04,16.91
2016-05-22,13.67,17.25,9.24,16.35,13.54
2016-05-23,11.07,15.45,7.91,0.87,9.34
2016-05-24,13.3,19.9,6.42,0.0,28.03
2016-05-25,13.64,19.89,7.26,0.29,22.66
2016-05-26,11.05,15.09,6.24,2.35,23.08
2016-05-27,11.54,17.36,7.31,3.02,20.76
2016-05-28,11.69,16.75,7.34,0.02,15.54
2016-05-29,14.36,21.01,6.19,0.03,27.07
2016-05-30,18.56,25.01,10.86,0.04,27.74
2016-05-31,20.42,27.85,13.55,0.25,27.68
2016-06-01,20.41,26.8,13.65,0.0,27.07
2016-06-02,22.13,29.14,15.31,0.0,27.68
2016-06-03,21.15,28.43,14.47,0.03,22.6
2016-06-04,17.98,24.82,11.32,0.03,29.35
2016-06-05,17.4,24.0,11.66,0.5,27.37
2016-06-06,17.38,23.16,12.67,3.36,22.17
2016-06-07,15.62,21.57,11.37,1.47,20.33
2016-06-08,13.14,17.88,9.78,0.12,10.33
2016-06-09,13.38,19.33,8.67,0.17,24.42
2016-06-10,16.57,23.59,7.95,0.16,27.6
2016-06-11,18.51,25.28,10.81,0.0,28.59
2016-06-12,19.99,27.29,11.73,0.0,31.46
2016-06-13,20.94,27.71,14.64,0.01,28.73
2016-06-14,17.4,21.8,12.65,3.0,11.68
2016-06-15,17.47,23.51,10.3,0.31,25.94
2016-06-16,19.57,26.28,12.97,0.0,29.27
2016-06-17,19.09,26.81,11.03,0.0,32.46
2016-06-18,19.77,27.86,11.02,0.0,31.79
2016-06-19,22.14,29.95,14.14,0.0,31.54
2016-06-20,22.82,30.64,14.52,0.0,31.25
2016-06-21,22.36,30.07,13.93,0.0,31.32
2016-06-22,22.96,30.96,14.89,0.0,30.78
2016-06-23,23.85,30.97,15.82,0.0,30.45
2016-06-24,24.18,30.64,18.12,0.0,28.73
2016-06-25,23.5,30.42,15.79,0.0,30.21
2016-06-26,25.54,33.04,17.63,0.0,28.47
2016-06-27,24.5,32.53,17.18,0.03,28.49
2016-06-28,22.08,29.35,14.89,0.0,28.24
2016-06-29,19.1,22.83,15.23,5.45,11.85
2016-06-30,19.98,26.09,14.52,0.01,25.18
2016-07-01,20.42,27.59,13.25,0.0,25.87
2016-07-02,21.51,28.74,13.97,0.0,30.76
2016-07-03,22.38,29.7,14.61,0.02,29.11
2016-07-04,21.78,27.66,15.46,1.66,25.44
2016-07-05,20.85,26.9,14.46,0.0,26.4
2016-07-06,21.33,28.29,14.32,0.0,29.3
2016-07-07,22.03,29.77,13.66,0.08,26.19
2016-07-08,20.39,27.28,15.0,0.09,25.7
2016-07-09,20.1,27.85,11.73,0.0,31.12
2016-07-10,20.3,28.37,11.5,0.0,31.43
2016-07-11,19.77,27.95,11.13,0.0,31.24
2016-07-12,21.67,29.71,12.59,0.0,31.29
2016-07-13,24.51,32.01,15.73,0.0,30.91
2016-07-14,25.45,33.85,16.14,0.0,30.51
2016-07-15,26.51,34.51,17.05,0.0,30.68
2016-07-16,27.85,34.86,20.92,0.0,30.08
2016-07-17,27.85,35.55,18.93,0.0,29.35
2016-07-18,26.55,35.52,18.51,0.0,27.16
2016-07-19,22.17,29.59,15.5,0.0,27.21
2016-07-20,20.83,27.72,15.6,7.21,22.32
2016-07-21,19.75,25.32,15.4,6.35,20.42
2016-07-22,20.89,28.86,12.62,0.0,28.47
2016-07-23,21.02,29.14,13.3,0.0,30.49
2016-07-24,20.54,28.37,12.88,0.0,30.36
2016-07-25,20.98,29.05,12.47,0.0,30.05
2016-07-26,22.54,30.29,13.47,0.0,29.95
2016-07-27,25.18,32.12,18.88,0.0,28.35
2016-07-28,24.36,32.42,15.84,0.0,27.88
2016-07-29,25.8,32.62,17.7,1.07,25.7
2016-07-30,24.47,31.08,17.86,4.68,24.67
2016-07-31,24.24,30.87,17.98,0.0,26.56
2016-08-01,25.31,32.47,17.88,0.0,27.48
2016-08-02,26.98,33.66,19.93,0.02,24.49
2016-08-03,25.16,32.04,19.66,1.04,21.39
2016-08-04,23.74,30.9,17.13,1.24,25.25
2016-08-05,24.64,31.03,18.34,3.43,24.6
2016-08-06,23.29,29.37,17.5,1.07,24.96
2016-08-07,23.15,30.23,16.22,0.0,26.57
2016-08-08,23.27,30.56,15.75,0.0,27.59
2016-08-09,24.39,31.5,16.84,0.0,27.19
2016-08-10,25.97,32.7,19.08,0.79,26.28
2016-08-11,25.85,32.7,17.71,0.26,25.65
2016-08-12,27.13,33.0,21.04,1.71,22.3
2016-08-13,23.03,29.51,16.66,3.93,21.01
2016-08-14,19.12,24.55,14.88,0.25,15.22
2016-08-15,20.31,27.77,13.59,0.0,26.73
2016-08-16,20.37,27.44,13.86,0.0,27.5
2016-08-17,20.24,28.2,11.64,0.04,27.58
2016-08-18,22.14,29.78,14.99,0.0,27.2
2016-08-19,23.76,31.11,16.53,0.0,26.66
2016-08-20,24.79,32.29,18.25,0.05,25.78
2016-08-21,22.68,29.8,15.94,1.1,23.74
2016-08-22,23.35,30.97,15.83,0.0,23.57
2016-08-23,24.66,31.84,16.43,0.0,21.92
2016-08-24,24.6,31.7,17.23,0.8,24.02
2016-08-25,22.88,30.11,17.23,1.32,22.25
2016-08-26,22.24,30.49,15.44,3.77,23.47
2016-08-27,21.25,28.2,15.68,3.54,22.23
2016-08-28,20.78,26.77,14.86,1.77,20.41
2016-08-29,22.01,29.06,14.74,0.23,22.13
2016-08-30,22.12,29.21,15.33,0.04,23.38
2016-08-31,20.38,27.18,14.5,0.0,23.44
2016-09-01,19.27,25.98,13.86,0.0,20.97
2016-09-02,19.19,25.9,12.55,0.0,22.88
2016-09-03,19.02,25.19,13.28,0.32,22.4
2016-09-04,18.28,23.89,13.81,0.0,22.37
2016-09-05,20.45,25.97,15.93,0.03,19.37
2016-09-06,21.84,28.66,14.8,0.0,21.64
2016-09-07,22.53,29.98,16.04,0.0,22.07
2016-09-08,21.64,28.61,14.42,0.0,23.02
2016-09-09,23.19,30.19,17.62,0.0,22.39
2016-09-10,22.78,30.05,15.07,0.79,19.82
2016-09-11,23.63,30.37,17.48,0.0,20.74
2016-09-12,22.08,29.36,14.87,0.0,21.35
2016-09-13,20.41,27.0,13.53,2.06,19.0
2016-09-14,19.64,25.23,14.61,0.46,19.2
2016-09-15,17.82,22.53,13.84,0.43,13.26
2016-09-16,16.25,22.64,10.34,0.0,19.83
2016-09-17,16.26,23.46,8.68,0.0,22.76
2016-09-18,20.14,27.03,12.91,0.0,21.95
2016-09-19,21.43,28.36,14.5,0.78,21.33
2016-09-20,18.36,22.52,13.14,14.99,11.08
2016-09-21,15.67,21.2,10.21,1.28,16.3
2016-09-22,14.77,20.39,11.1,5.63,13.86
2016-09-23,10.55,15.48,5.66,2.93,16.57
2016-09-24,8.85,14.8,4.34,0.0,21.39
2016-09-25,10.32,17.32,4.28,0.0,20.98
2016-09-26,11.18,17.63,5.54,0.0,19.29
2016-09-27,12.79,20.5,6.85,0.01,20.21
2016-09-28,11.66,18.1,7.55,0.05,20.24
2016-09-29,12.05,20.12,5.52,0.0,20.84
2016-09-30,13.15,20.31,6.75,0.0,20.21
2016-10-01,14.59,23.5,7.95,0.0,20.04
2016-10-02,17.92,25.55,11.3,0.0,19.61
2016-10-03,18.83,26.19,13.67,0.0,18.37
2016-10-04,18.11,25.68,11.11,0.0,17.61
2016-10-05,17.13,24.41,11.49,0.0,17.8
2016-10-06,15.29,22.66,9.69,0.0,17.12
2016-10-07,15.87,22.95,9.52,0.0,17.11
2016-10-08,16.05,22.18,9.99,0.1,15.03
2016-10-09,15.94,21.84,12.31,0.14,15.15
2016-10-10,15.18,22.76,8.75,0.0,16.54
2016-10-11,16.2,22.41,10.04,0.0,16.24
2016-10-12,17.23,23.26,11.77,0.03,12.88
2016-10-13,14.9,21.37,10.07,0.0,14.55
2016-10-14,12.06,18.58,5.9,0.0,15.32
2016-10-15,8.25,15.34,3.86,0.0,17.36
2016-10-16,11.76,20.16,4.53,0.0,16.63
2016-10-17,13.53,20.3,7.94,0.29,13.84
2016-10-18,5.15,8.97,1.61,0.61,7.18
2016-10-19,9.14,17.72,0.79,0.0,16.66
2016-10-20,10.88,18.55,5.3,0.0,16.11
2016-10-21,11.95,19.64,5.71,0.0,15.11
2016-10-22,13.46,20.93,7.72,0.0,14.83
2016-10-23,13.44,19.23,8.82,0.0,13.02
2016-10-24,10.94,16.61,6.69,0.0,10.06
2016-10-25,8.47,14.73,3.82,0.0,12.84
2016-10-26,8.23,15.25,4.03,0.0,15.66
2016-10-27,11.03,17.75,6.69,1.91,8.95
2016-10-28,9.91,17.68,5.39,0.51,11.0
2016-10-29,10.87,18.11,4.87,0.27,12.19
2016-10-30,8.65,15.24,3.15,0.0,11.6
2016-10-31,5.13,10.82,1.7,0.03,10.15
2016-11-01,1.0,6.26,-3.26,0.01,14.05
2016-11-02,2.5,9.49,-2.58,0.0,15.02
2016-11-03,6.63,15.2,0.01,0.0,14.69
2016-11-04,7.09,14.59,1.8,0.0,13.72
2016-11-05,9.31,15.31,4.31,0.0,12.87
2016-11-06,9.48,15.9,4.3,0.0,11.65
2016-11-07,9.45,15.96,5.22,0.0,12.01
2016-11-08,11.24,17.36,7.89,0.0,9.08
2016-11-09,12.19,18.99,7.53,0.02,8.53
2016-11-10,11.11,15.49,6.18,2.08,7.85
2016-11-11,8.16,14.47,3.07,0.0,9.84
2016-11-12,8.84,15.13,4.69,0.0,11.78
2016-11-13,8.48,13.73,3.94,0.11,8.84
2016-11-14,7.54,12.84,2.11,0.0,10.74
2016-11-15,2.19,5.97,-0.57,0.0,5.28
2016-11-16,-0.32,3.34,-4.55,0.01,5.7
2016-11-17,-1.25,4.88,-4.21,0.0,12.67
2016-11-18,0.42,8.49,-4.61,0.0,12.71
2016-11-19,3.11,12.17,-2.04,0.0,12.75
2016-11-20,5.72,13.18,0.64,0.0,11.35
2016-11-21,6.59,15.33,1.68,0.0,11.59
2016-11-22,6.43,14.27,2.29,0.0,11.34
2016-11-23,5.29,13.54,1.15,0.0,11.76
2016-11-24,6.34,13.8,1.67,0.0,12.03
2016-11-25,5.92,13.29,1.16,0.0,11.42
2016-11-26,5.36,12.02,0.9,0.0,10.97
2016-11-27,5.19,12.76,0.84,0.01,11.0
2016-11-28,6.45,11.72,3.32,1.11,8.32
2016-11-29,6.15,8.52,3.87,15.53,2.58
2016-11-30,0.45,6.2,-3.2,11.64,3.53
2016-12-01,-2.92,0.65,-5.43,0.08,2.78
2016-12-02,-2.69,2.61,-6.35,0.0,10.09
2016-12-03,0.54,4.99,-2.44,0.29,3.65
2016-12-04,1.57,5.16,-0.75,0.13,5.44
2016-12-05,-0.97,4.18,-6.47,0.16,5.5
2016-12-06,-0.97,7.24,-6.63,0.0,11.05
2016-12-07,-0.57,4.82,-3.03,0.01,10.3
2016-12-08,-2.87,1.01,-4.95,0.0,9.27
2016-12-09,0.44,6.96,-4.67,0.0,10.83
2016-12-10,2.32,8.73,-1.21,0.0,10.4
2016-12-11,2.41,9.02,-0.79,0.0,10.4
2016-12-12,1.94,6.62,-0.67,0.33,4.8
2016-12-13,0.02,2.65,-5.64,5.34,3.93
2016-12-14,-6.05,-3.18,-8.41,0.56,7.2
2016-12-15,-4.5,1.65,-10.37,0.01,7.86
2016-12-16,-5.49,-2.62,-7.86,0.57,5.4
2016-12-17,-6.18,-1.96,-9.99,0.03,6.72
2016-12-18,-8.54,-2.22,-12.4,0.0,8.01
2016-12-19,-8.85,-2.49,-13.87,0.0,9.12
2016-12-20,-4.29,2.7,-9.48,0.28,8.25
2016-12-21,-5.24,-3.43,-6.92,2.21,3.13
2016-12-22,-4.52,-2.37,-6.88,2.61,1.76
2016-12-23,-4.04,0.84,-7.14,1.41,3.29
2016-12-24,-3.24,0.21,-5.88,0.0,3.1
2016-12-25,-2.17,1.78,-5.01,0.02,3.53
2016-12-26,-3.56,-2.23,-4.54,3.62,2.47
2016-12-27,-3.82,0.13,-6.49,0.56,3.08
2016-12-28,-5.01,-1.05,-9.49,7.65,3.62
2016-12-29,-2.92,0.85,-6.73,13.08,2.54
2016-12-30,-7.07,-3.61,-9.9,4.01,2.03
2016-12-31,-8.01,-2.24,-12.22,0.45,3.67
2017-01-01,-8.78,-2.0,-13.88,0.05,8.1
2017-01-02,-8.85,-3.95,-12.11,1.52,6.55
2017-01-03,-9.78,-2.18,-13.34,0.97,8.86
2017-01-04,-6.18,0.14,-13.19,0.05,8.62
2017-01-05,0.14,1.45,-4.03,3.97,8.63
2017-01-06,2.08,3.73,1.04,0.88,10.13
2017-01-07,0.2,2.43,-3.67,7.04,5.37
2017-01-08,-6.3,-3.72,-10.15,3.35,3.04
2017-01-09,-8.14,-2.81,-11.83,0.07,9.41
2017-01-10,-4.61,1.69,-12.51,5.81,5.79
2017-01-11,-2.52,2.58,-6.77,0.1,11.64
2017-01-12,-1.48,2.97,-5.68,3.47,9.62
2017-01-13,-5.18,0.81,-9.51,0.0,11.87
2017-01-14,-3.63,2.22,-9.44,0.01,9.58
2017-01-15,-0.91,3.78,-4.54,0.4,8.39
2017-01-16,2.17,5.75,-0.35,2.26,7.79
2017-01-17,1.87,5.43,0.48,1.73,2.99
2017-01-18,1.66,5.92,-0.84,0.9,9.81
2017-01-19,1.01,6.35,-2.5,0.01,10.7
2017-01-20,0.58,3.99,-2.38,2.08,7.8
2017-01-21,-2.25,1.02,-5.1,0.07,7.18
2017-01-22,-3.58,1.34,-6.49,0.02,9.78
2017-01-23,-3.66,3.16,-8.25,0.02,11.19
2017-01-24,-1.41,4.18,-5.83,3.78,8.43
2017-01-25,-0.08,3.4,-2.63,2.6,5.06
2017-01-26,-4.64,-2.97,-7.07,1.52,6.99
2017-01-27,-8.5,-6.09,-10.54,0.07,8.85
2017-01-28,-9.45,-5.27,-12.76,0.03,11.51
2017-01-29,-6.71,-0.54,-11.16,0.0,13.49
2017-01-30,-7.2,-1.82,-12.35,0.01,10.75
2017-01-31,-9.83,-5.03,-12.7,0.04,13.96
2017-02-01,-8.17,-1.66,-12.94,0.0,14.16
2017-02-02,-3.12,4.28,-9.81,0.0,14.03
2017-02-03,-0.65,6.36,-6.78,0.0,11.28
2017-02-04,1.18,5.66,-0.95,0.17,8.34
2017-02-05,1.78,5.94,-0.34,1.11,7.8
2017-02-06,2.76,8.44,0.38,0.04,11.08
2017-02-07,3.44,10.11,-0.3,0.0,9.36
2017-02-08,2.86,10.19,-0.18,0.0,10.4
2017-02-09,3.55,8.37,0.39,0.0,12.37
2017-02-10,2.64,8.12,-0.84,0.01,8.86
2017-02-11,0.53,5.44,-2.79,0.04,7.1
2017-02-12,-2.9,1.12,-5.9,0.27,7.16
2017-02-13,-4.99,-1.08,-7.48,0.0,10.57
2017-02-14,-5.46,-1.68,-8.47,0.0,11.51
2017-02-15,-5.13,-0.41,-9.71,0.09,10.71
2017-02-16,-4.6,0.22,-7.85,0.06,13.25
2017-02-17,-3.79,2.72,-9.33,0.0,16.63
2017-02-18,0.11,7.81,-6.08,0.0,16.05
2017-02-19,1.93,8.15,-2.04,0.0,15.37
2017-02-20,2.11,9.16,-2.09,0.02,14.9
2017-02-21,3.06,8.9,-0.65,0.15,13.26
2017-02-22,2.44,6.85,-0.29,0.01,10.79
2017-02-23,3.47,10.41,-1.3,0.0,16.59
2017-02-24,3.9,11.91,-1.34,0.0,17.31
2017-02-25,4.84,12.53,-0.78,0.0,16.32
2017-02-26,5.47,10.04,1.96,0.03,10.06
2017-02-27,5.13,10.22,1.22,0.0,9.91
2017-02-28,7.41,15.29,2.55,0.0,11.89
2017-03-01,8.61,15.62,4.2,0.05,15.27
2017-03-02,5.12,10.57,0.72,9.83,9.27
2017-03-03,4.18,9.38,0.46,1.02,9.65
2017-03-04,3.7,10.47,-2.2,0.0,17.24
2017-03-05,3.43,11.87,-3.49,0.0,20.1
2017-03-06,6.88,15.63,0.86,0.0,18.96
2017-03-07,6.29,14.32,0.87,0.0,19.33
2017-03-08,5.17,11.96,0.36,0.58,14.0
2017-03-09,7.42,13.62,1.66,7.26,9.82
2017-03-10,5.88,11.35,1.49,2.4,13.78
2017-03-11,3.73,7.49,0.8,2.8,11.15
2017-03-12,3.47,7.42,0.91,10.23,6.39
2017-03-13,3.68,8.55,0.09,2.91,10.08
2017-03-14,1.53,5.67,-1.88,0.89,8.25
2017-03-15,0.37,5.59,-3.02,0.1,7.36
2017-03-16,0.58,5.02,-3.23,0.01,10.28
2017-03-17,0.58,4.69,-4.15,0.85,11.36
2017-03-18,-0.42,5.83,-5.16,0.0,20.82
2017-03-19,3.88,11.76,-2.96,0.08,15.16
2017-03-20,5.4,10.69,1.31,0.1,13.72
2017-03-21,7.77,13.47,1.72,0.0,11.02
2017-03-22,7.75,14.48,0.7,0.0,21.5
2017-03-23,5.1,12.76,-1.43,0.0,23.25
2017-03-24,6.64,14.02,-1.22,0.0,23.53
2017-03-25,11.11,18.09,4.34,0.0,23.31
2017-03-26,10.63,17.8,4.16,0.13,21.31
2017-03-27,8.39,14.18,1.83,0.42,14.85
2017-03-28,4.81,12.07,-1.4,0.0,19.26
2017-03-29,7.44,15.13,0.28,0.01,24.36
2017-03-30,8.62,14.89,4.62,3.01,14.55
2017-03-31,4.91,7.84,2.49,7.73,10.79
2017-04-01,6.86,11.9,2.84,0.56,17.93
2017-04-02,7.71,13.98,0.43,0.0,24.89
2017-04-03,10.92,17.68,5.21,0.0,25.68
2017-04-04,11.04,17.0,4.18,0.0,21.08
2017-04-05,11.72,16.66,6.49,0.0,15.83
2017-04-06,8.68,15.58,3.32,2.35,16.51
2017-04-07,7.62,13.85,1.91,0.92,20.81
2017-04-08,5.37,9.29,0.7,4.42,10.93
2017-04-09,2.66,7.42,-1.16,0.0,16.21
2017-04-10,3.02,9.44,-3.22,0.0,24.27
2017-04-11,6.41,14.66,-1.43,0.0,26.56
2017-04-12,8.96,16.52,3.2,0.68,13.49
2017-04-13,7.22,10.87,4.13,2.34,8.22
2017-04-14,8.85,15.72,3.31,0.78,20.03
2017-04-15,10.03,15.78,2.98,0.0,22.55
2017-04-16,10.98,16.95,5.62,0.19,20.51
2017-04-17,9.5,15.36,4.25,0.01,18.07
2017-04-18,8.92,14.7,5.1,0.41,14.65
2017-04-19,10.32,17.82,2.96,0.0,26.61
2017-04-20,11.09,17.77,3.84,4.12,20.78
2017-04-21,8.57,15.39,3.92,7.5,10.91
2017-04-22,7.65,14.55,2.26,3.03,12.28
2017-04-23,3.7,7.47,0.93,5.46,15.56
2017-04-24,5.91,12.35,-0.1,0.0,20.99
2017-04-25,6.69,15.37,-1.71,0.0,28.88
2017-04-26,10.12,18.11,2.26,0.0,29.01
2017-04-27,13.06,19.67,6.95,0.0,28.87
2017-04-28,15.43,22.04,8.83,0.0,28.81
2017-04-29,16.53,23.55,8.68,0.0,28.07
2017-04-30,16.83,23.15,9.98,0.16,22.97
2017-05-01,14.47,19.18,10.35,0.43,16.19
2017-05-02,13.17,17.79,8.74,0.69,22.8
2017-05-03,14.18,19.07,8.97,6.54,25.42
2017-05-04,15.05,21.26,8.46,0.77,25.67
2017-05-05,15.87,20.9,11.61,0.65,21.66
2017-05-06,14.04,20.34,8.18,4.89,22.43
2017-05-07,12.12,18.74,5.33,1.03,23.4
2017-05-08,13.89,20.86,9.62,2.9,19.43
2017-05-09,14.33,20.23,8.41,0.03,15.29
2017-05-10,14.13,20.9,7.98,0.13,27.76
2017-05-11,13.82,20.55,6.4,0.0,29.81
2017-05-12,16.85,24.7,9.26,0.0,28.9
2017-05-13,19.64,28.52,11.87,0.0,25.51
2017-05-14,20.01,27.66,12.24,0.0,28.56
2017-05-15,14.24,20.02,8.49,0.0,25.23
2017-05-16,13.13,19.39,7.19,0.0,29.22
2017-05-17,13.22,17.39,8.54,6.81,13.49
2017-05-18,14.47,19.37,9.77,5.71,16.29
2017-05-19,10.9,13.54,6.99,8.66,10.93
2017-05-20,8.81,15.65,4.0,0.18,19.23
2017-05-21,11.96,18.78,3.78,4.03,22.57
2017-05-22,9.59,14.37,4.42,4.23,18.08
2017-05-23,10.33,16.36,3.96,0.25,21.49
2017-05-24,13.2,20.39,5.42,0.0,29.95
2017-05-25,13.96,20.18,7.4,4.33,22.82
2017-05-26,12.55,16.17,9.64,7.4,19.16
2017-05-27,12.17,14.77,9.69,11.07,19.25
2017-05-28,12.81,17.82,8.51,0.98,22.71
2017-05-29,13.37,19.71,7.81,1.62,22.84
2017-05-30,11.88,16.47,8.02,4.79,19.39
2017-05-31,12.5,17.25,7.87,2.1,18.15
2017-06-01,14.55,19.98,7.38,0.62,23.27
2017-06-02,17.02,23.03,10.37,1.9,24.39
2017-06-03,19.4,24.79,13.35,0.55,26.91
2017-06-04,18.15,23.42,12.78,2.89,16.59
2017-06-05,16.11,20.53,11.25,2.3,18.88
2017-06-06,17.94,23.44,11.33,0.01,29.09
2017-06-07,20.77,26.98,13.35,0.0,29.84
2017-06-08,21.0,27.7,15.21,2.37,19.33
2017-06-09,18.96,24.64,13.25,3.21,23.55
2017-06-10,16.29,22.43,10.73,0.02,28.42
2017-06-11,17.26,23.58,11.1,0.02,26.11
2017-06-12,18.39,24.61,11.67,0.1,24.88
2017-06-13,19.06,25.75,12.06,1.06,24.21
2017-06-14,18.47,24.49,13.1,0.2,29.6
2017-06-15,18.27,24.16,12.26,0.02,23.55
2017-06-16,18.41,24.95,12.76,0.0,29.23
2017-06-17,19.98,25.16,14.08,0.79,26.65
2017-06-18,18.4,24.74,13.51,2.2,16.27
2017-06-19,14.34,20.44,9.83,8.65,19.7
2017-06-20,13.38,19.09,8.87,0.92,14.88
2017-06-21,14.81,20.88,7.71,0.21,22.93
2017-06-22,17.31,23.56,9.33,0.0,29.08
2017-06-23,19.27,25.88,11.35,0.0,30.61
2017-06-24,21.25,28.12,14.9,0.0,31.3
2017-06-25,20.93,27.95,13.38,0.0,31.27
2017-06-26,23.74,30.51,14.89,0.0,30.71
2017-06-27,24.81,31.6,17.28,0.0,29.21
2017-06-28,24.16,31.67,15.86,0.0,28.41
2017-06-29,23.65,30.75,16.37,0.0,31.26
2017-06-30,24.94,32.41,17.35,0.0,30.86
2017-07-01,24.12,32.05,16.09,0.0,31.79
2017-07-02,26.15,33.79,17.91,0.0,32.01
2017-07-03,28.05,36.09,19.66,0.0,30.75
2017-07-04,23.46,31.17,16.73,0.0,26.56
2017-07-05,21.34,28.48,14.34,0.21,29.07
2017-07-06,21.35,28.27,14.49,1.66,30.44
2017-07-07,18.92,25.98,11.58,0.0,30.89
2017-07-08,18.88,25.92,12.03,0.0,31.35
2017-07-09,20.26,28.35,11.29,0.0,31.04
2017-07-10,22.0,30.11,12.58,0.0,30.79
2017-07-11,23.71,31.13,14.85,0.0,30.49
2017-07-12,24.24,32.41,16.45,0.0,31.02
2017-07-13,23.34,31.99,14.29,0.0,31.37
2017-07-14,23.52,31.26,15.13,0.0,30.31
2017-07-15,24.54,32.67,16.0,0.12,25.12
2017-07-16,24.97,32.52,17.14,0.22,25.29
2017-07-17,25.55,32.63,19.05,0.0,29.34
2017-07-18,23.62,30.91,16.23,0.33,26.14
2017-07-19,21.9,28.44,15.98,0.0,25.55
2017-07-20,22.53,29.4,15.43,0.01,25.23
2017-07-21,23.79,30.4,15.6,3.24,26.53
2017-07-22,22.91,30.28,16.62,0.94,27.36
2017-07-23,22.65,30.5,15.03,0.0,30.08
2017-07-24,22.95,30.27,14.0,0.0,28.79
2017-07-25,25.83,32.84,19.32,0.0,28.88
2017-07-26,26.4,33.4,18.7,0.0,28.17
2017-07-27,25.38,32.86,18.84,0.0,28.54
2017-07-28,19.79,25.06,14.88,2.87,23.6
2017-07-29,19.63,27.06,12.35,0.0,29.04
2017-07-30,20.87,28.87,12.49,0.0,29.37
2017-07-31,21.7,29.93,13.69,0.0,29.63
2017-08-01,22.33,31.01,13.94,0.0,28.27
2017-08-02,23.98,32.17,15.32,0.24,27.46
2017-08-03,22.47,29.37,16.94,0.97,18.99
2017-08-04,19.87,25.21,16.11,2.76,15.5
2017-08-05,20.16,24.57,15.57,1.08,22.17
2017-08-06,21.33,26.37,15.28,2.98,21.63
2017-08-07,23.1,29.18,16.01,1.45,24.99
2017-08-08,24.91,33.37,16.76,0.0,26.55
2017-08-09,25.65,34.7,16.45,0.0,27.24
2017-08-10,24.78,32.91,17.89,0.0,27.28
2017-08-11,24.36,31.62,17.59,0.0,26.24
2017-08-12,24.31,31.89,17.0,0.0,26.42
2017-08-13,25.39,33.56,17.22,0.0,26.39
2017-08-14,24.7,32.42,17.87,0.0,26.06
2017-08-15,22.42,30.06,15.2,0.01,25.21
2017-08-16,22.32,29.34,15.7,0.62,24.35
2017-08-17,23.18,29.55,16.65,0.19,23.01
2017-08-18,22.73,28.8,16.29,1.13,22.33
2017-08-19,23.01,29.5,16.34,0.16,22.64
2017-08-20,24.2,30.44,17.37,0.03,22.72
2017-08-21,22.37,26.22,18.53,1.72,18.74
2017-08-22,20.62,26.33,15.22,3.58,21.37
2017-08-23,19.01,26.19,13.51,0.0,21.37
2017-08-24,18.93,26.83,11.43,0.0,24.09
2017-08-25,18.62,26.49,11.36,0.0,26.22
2017-08-26,18.23,26.13,11.24,0.0,26.77
2017-08-27,18.54,25.93,11.01,0.0,26.19
2017-08-28,20.04,27.42,12.11,0.0,25.38
2017-08-29,21.29,28.68,13.62,0.13,23.26
2017-08-30,19.8,26.81,13.79,3.35,18.82
2017-08-31,18.2,25.56,11.98,0.07,23.66
2017-09-01,19.31,27.81,10.87,0.0,25.28
2017-09-02,20.75,29.32,12.34,0.0,25.54
2017-09-03,24.09,31.41,17.02,0.0,25.25
2017-09-04,24.91,32.64,18.32,0.0,24.42
2017-09-05,22.34,31.26,14.83,0.0,23.74
2017-09-06,15.6,21.29,10.15,0.94,19.28
2017-09-07,14.94,23.26,7.53,0.0,24.98
2017-09-08,20.29,29.01,11.13,0.0,23.47
2017-09-09,22.75,30.59,15.39,0.0,23.72
2017-09-10,24.45,31.75,17.4,0.0,22.1
2017-09-11,25.39,32.85,19.11,0.0,22.27
2017-09-12,24.86,33.03,17.76,0.0,22.46
2017-09-13,23.91,32.38,16.75,0.0,22.85
2017-09-14,22.07,31.85,12.45,0.0,22.58
2017-09-15,22.78,32.05,14.01,0.0,22.11
2017-09-16,23.35,32.22,14.48,0.0,19.93
2017-09-17,24.73,33.91,16.31,0.0,19.2
2017-09-18,24.99,33.65,17.53,0.15,17.69
2017-09-19,25.47,32.88,19.7,0.0,15.77
2017-09-20,24.46,31.76,17.39,0.0,20.59
2017-09-21,23.64,31.77,16.15,0.0,20.5
2017-09-22,16.25,22.3,10.91,0.0,20.76
2017-09-23,14.98,22.48,8.26,0.0,20.75
2017-09-24,15.56,24.54,7.3,0.0,20.67
2017-09-25,18.7,26.57,11.43,0.01,19.22
2017-09-26,19.81,26.1,14.86,0.29,15.69
2017-09-27,17.58,24.1,11.36,0.0,17.41
2017-09-28,16.4,22.71,11.45,0.18,15.49
2017-09-29,16.55,23.77,9.31,2.23,14.44
2017-09-30,16.14,21.06,11.87,4.01,11.42
2017-10-01,13.78,17.41,10.43,3.69,10.84
2017-10-02,11.47,16.09,7.38,1.78,8.93
2017-10-03,10.15,16.45,6.56,0.11,17.12
2017-10-04,10.29,17.79,4.26,0.0,20.38
2017-10-05,11.1,17.93,5.03,0.0,20.3
2017-10-06,13.14,21.95,6.34,0.0,19.57
2017-10-07,13.6,19.9,8.16,0.04,12.02
2017-10-08,13.8,19.26,9.21,6.73,10.17
2017-10-09,9.64,13.89,6.22,0.15,7.51
2017-10-10,8.61,15.83,2.51,0.0,16.94
2017-10-11,8.84,15.95,2.77,0.0,17.57
2017-10-12,9.27,16.67,2.69,0.0,18.0
2017-10-13,10.85,17.7,5.42,0.0,18.56
2017-10-14,10.39,17.13,4.96,0.04,17.41
2017-10-15,8.74,14.68,5.13,0.0,16.89
2017-10-16,9.8,17.05,4.15,0.0,12.12
2017-10-17,9.91,17.27,5.92,0.0,17.54
2017-10-18,11.01,19.68,4.19,0.0,17.05
2017-10-19,13.68,21.46,6.85,0.0,16.65
2017-10-20,14.68,21.83,10.06,0.0,16.2
2017-10-21,14.62,21.95,9.42,0.0,16.0
2017-10-22,13.57,20.49,8.19,0.0,15.8
2017-10-23,12.8,20.55,7.17,0.01,15.09
2017-10-24,11.47,16.53,7.41,4.08,8.09
2017-10-25,11.49,15.64,7.89,10.7,6.44
2017-10-26,9.46,15.61,5.58,0.09,12.91
2017-10-27,10.19,17.3,4.32,0.0,13.18
2017-10-28,11.4,17.22,7.0,0.1,10.2
2017-10-29,9.54,13.11,4.91,5.63,4.92
2017-10-30,6.71,11.76,2.46,0.43,10.32
2017-10-31,4.22,10.31,-1.34,0.0,12.85
2017-11-01,0.68,7.1,-4.1,0.0,14.64
2017-11-02,2.18,10.75,-3.99,0.0,14.14
2017-11-03,6.74,14.11,-0.11,0.0,13.71
2017-11-04,6.83,11.25,4.03,1.35,7.96
2017-11-05,3.43,4.47,1.96,13.77,2.99
2017-11-06,5.52,11.07,2.71,0.5,6.09
2017-11-07,6.0,12.95,1.86,0.01,12.08
2017-11-08,6.51,13.27,1.62,0.0,12.07
2017-11-09,8.99,17.14,3.14,0.0,12.76
2017-11-10,7.63,14.13,3.57,0.0,12.09
2017-11-11,7.23,14.04,1.87,0.0,12.48
2017-11-12,8.81,16.41,1.74,0.0,12.28
2017-11-13,9.57,14.79,4.4,0.4,5.42
2017-11-14,9.3,14.01,5.84,7.73,8.57
2017-11-15,9.4,16.47,5.89,0.0,11.8
2017-11-16,9.13,16.27,4.02,0.0,11.88
2017-11-17,9.25,16.53,4.39,0.0,11.87
2017-11-18,8.01,13.74,4.55,0.0,7.38
2017-11-19,7.18,12.94,3.89,0.76,7.23
2017-11-20,7.0,10.26,4.45,8.17,5.66
2017-11-21,-0.32,3.7,-3.59,3.07,6.19
2017-11-22,-1.01,4.43,-5.15,0.0,10.1
2017-11-23,2.13,7.55,-2.2,0.37,4.99
2017-11-24,2.86,8.09,-0.5,0.0,7.29
2017-11-25,3.61,10.39,-1.16,0.0,10.42
2017-11-26,4.7,10.01,0.99,0.22,7.51
2017-11-27,6.09,10.69,2.82,1.98,6.56
2017-11-28,5.76,9.41,1.97,3.43,5.28
2017-11-29,2.12,7.32,-0.96,0.04,9.74
2017-11-30,2.94,9.99,-1.7,0.0,10.91
2017-12-01,5.51,13.01,1.58,0.0,8.61
2017-12-02,6.58,14.33,1.82,0.0,9.16
2017-12-03,7.98,15.19,2.59,0.0,9.41
2017-12-04,8.33,15.78,4.5,0.22,9.56
2017-12-05,2.59,5.74,-2.81,4.11,4.79
2017-12-06,-3.07,-0.27,-5.04,0.0,6.82
2017-12-07,-1.91,3.0,-5.69,0.0,8.23
2017-12-08,1.08,8.14,-3.07,0.0,10.77
2017-12-09,1.82,7.78,-1.77,0.05,8.45
2017-12-10,4.58,8.73,1.54,0.56,7.09
2017-12-11,4.91,10.55,1.61,0.08,10.45
2017-12-12,6.01,13.85,-0.13,0.0,8.47
2017-12-13,5.7,11.63,1.63,0.0,10.17
2017-12-14,3.98,10.34,0.26,0.0,6.36
2017-12-15,3.95,10.84,-0.14,0.0,9.96
2017-12-16,6.07,11.2,2.95,0.37,7.95
2017-12-17,6.78,10.87,4.2,1.12,7.1
2017-12-18,7.38,11.02,3.79,5.42,3.67
2017-12-19,4.17,7.56,1.47,0.27,7.23
2017-12-20,2.55,7.15,0.0,0.01,3.15
2017-12-21,5.13,11.28,0.33,0.55,8.49
2017-12-22,5.61,8.87,2.25,0.37,4.84
2017-12-23,3.63,9.15,-2.68,5.85,4.74
2017-12-24,-3.06,-0.02,-6.6,1.23,2.93
2017-12-25,-2.19,3.92,-7.14,0.02,7.64
2017-12-26,2.3,10.49,-1.19,0.0,7.48
2017-12-27,2.71,9.54,-1.57,0.0,8.71
2017-12-28,3.51,9.11,-0.35,0.23,6.22
2017-12-29,5.36,9.1,3.69,1.05,7.08
2017-12-30,4.4,7.12,2.26,2.67,4.83
2017-12-31,1.6,3.58,-2.47,2.55,4.33
2018-01-01,0.4,6.28,-3.76,0.01,10.3
2018-01-02,2.67,9.91,-1.71,0.12,9.88
2018-01-03,4.09,8.93,1.44,4.3,6.66
2018-01-04,3.11,6.68,0.51,1.87,6.45
2018-01-05,1.69,5.96,-1.66,0.86,5.26
2018-01-06,0.81,7.14,-2.41,0.0,10.41
2018-01-07,2.58,9.5,-2.72,0.0,10.78
2018-01-08,3.66,9.51,0.6,0.0,9.76
2018-01-09,1.81,7.89,-2.11,0.0,7.66
2018-01-10,1.28,5.58,-2.34,0.02,5.1
2018-01-11,4.08,8.25,1.76,1.47,5.3
2018-01-12,4.26,8.13,1.11,1.48,6.55
2018-01-13,3.9,8.48,1.2,6.46,7.48
2018-01-14,-0.01,3.22,-4.25,1.72,3.26
2018-01-15,-1.85,3.36,-4.82,0.0,6.89
2018-01-16,0.68,6.04,-2.0,3.65,5.45
2018-01-17,1.6,6.05,-0.71,1.87,7.7
2018-01-18,1.49,6.85,-3.86,6.96,3.27
2018-01-19,-3.02,1.72,-6.47,0.0,10.65
2018-01-20,0.65,8.11,-5.17,0.02,11.31
2018-01-21,2.8,5.94,1.25,0.66,8.23
2018-01-22,3.23,5.98,1.79,22.06,5.39
2018-01-23,-1.15,1.94,-4.7,4.34,4.34
2018-01-24,-3.94,-1.17,-6.1,0.65,4.18
2018-01-25,-5.49,-3.62,-6.57,2.28,5.46
2018-01-26,-4.7,-1.04,-6.73,0.72,6.91
2018-01-27,-3.82,0.44,-6.41,0.0,6.22
2018-01-28,-4.0,0.97,-7.3,0.0,7.93
2018-01-29,-2.26,2.85,-8.04,0.0,11.55
2018-01-30,2.57,8.54,-1.73,0.0,12.23
2018-01-31,3.04,8.56,-0.23,0.0,12.65
2018-02-01,2.65,9.17,-0.92,0.0,13.64
2018-02-02,2.67,6.71,0.75,0.01,10.7
2018-02-03,3.8,8.3,0.71,0.18,5.56
2018-02-04,5.12,8.88,2.29,0.01,7.98
2018-02-05,5.85,12.12,1.46,0.06,12.05
2018-02-06,5.43,10.97,1.32,0.16,12.79
2018-02-07,6.0,13.72,-0.1,1.98,12.72
2018-02-08,7.31,14.4,3.32,1.54,11.22
2018-02-09,6.32,11.21,2.79,0.02,12.08
2018-02-10,5.92,10.94,3.19,2.39,6.69
2018-02-11,6.57,12.89,2.69,0.47,11.87
2018-02-12,4.04,8.44,1.27,0.17,10.5
2018-02-13,2.41,6.97,-0.87,0.22,10.47
2018-02-14,2.52,8.17,-2.06,1.62,7.91
2018-02-15,3.57,7.98,-0.09,0.72,9.86
2018-02-16,3.65,8.15,-0.02,1.73,9.42
2018-02-17,2.83,9.89,-1.12,0.0,14.54
2018-02-18,1.35,7.88,-3.25,0.0,16.67
2018-02-19,3.54,9.55,-1.31,0.06,12.46
2018-02-20,4.97,9.58,1.81,1.45,5.54
2018-02-21,5.18,10.22,1.0,0.24,11.5
2018-02-22,5.0,10.05,1.12,0.34,11.16
2018-02-23,5.58,9.55,2.85,0.25,13.35
2018-02-24,5.81,10.75,1.29,3.35,15.22
2018-02-25,2.73,7.39,-1.04,2.33,8.48
2018-02-26,3.24,8.05,-1.98,3.1,9.65
2018-02-27,4.21,8.77,-0.38,1.86,14.0
2018-02-28,4.5,9.45,0.85,5.93,10.05
2018-03-01,1.67,6.55,-2.46,0.01,17.63
2018-03-02,5.17,11.46,-1.72,0.01,11.49
2018-03-03,6.88,11.66,3.68,0.25,9.09
2018-03-04,7.41,12.73,3.74,2.6,7.67
2018-03-05,7.87,14.27,3.04,4.29,11.59
2018-03-06,8.32,13.49,3.57,2.6,14.21
2018-03-07,9.53,16.77,4.34,0.6,14.21
2018-03-08,7.74,13.57,3.18,2.37,12.14
2018-03-09,5.63,10.32,2.57,0.71,11.04
2018-03-10,7.38,13.61,1.96,0.0,20.41
2018-03-11,7.88,14.78,2.75,0.0,19.64
2018-03-12,9.31,16.62,4.0,0.0,20.42
2018-03-13,7.95,14.12,3.62,2.34,15.9
2018-03-14,6.25,11.2,2.4,1.58,15.78
2018-03-15,4.79,9.91,1.4,3.13,13.25
2018-03-16,5.74,12.24,-0.34,0.03,20.0
2018-03-17,9.67,17.18,2.09,0.0,18.16
2018-03-18,10.22,16.3,5.91,0.04,12.04
2018-03-19,9.28,16.67,4.08,0.0,16.09
2018-03-20,8.43,14.32,3.65,0.02,15.64
2018-03-21,8.01,16.13,1.8,0.0,21.49
2018-03-22,10.09,17.63,3.91,0.0,15.08
2018-03-23,11.8,15.28,8.68,0.41,7.14
2018-03-24,6.47,9.78,2.62,0.64,13.93
2018-03-25,6.54,12.29,2.17,0.23,16.55
2018-03-26,8.35,15.71,1.69,0.0,14.98
2018-03-27,9.08,17.05,1.9,0.07,20.52
2018-03-28,10.87,20.3,5.0,0.68,21.59
2018-03-29,4.5,8.66,0.26,30.58,7.2
2018-03-30,5.43,11.71,-0.84,0.0,17.91
2018-03-31,9.83,17.21,1.66,0.01,23.68
2018-04-01,10.94,18.33,4.29,0.0,19.51
2018-04-02,6.76,11.6,1.82,1.12,16.89
2018-04-03,5.47,11.33,-0.21,0.0,25.11
2018-04-04,8.34,16.39,0.7,0.0,25.75
2018-04-05,11.78,19.47,5.87,0.0,25.54
2018-04-06,13.57,21.58,6.88,0.0,24.96
2018-04-07,13.34,20.65,7.33,0.0,23.55
2018-04-08,10.07,14.05,7.03,1.4,11.69
2018-04-09,9.87,14.98,5.11,2.07,13.51
2018-04-10,11.68,17.57,5.82,0.0,22.06
2018-04-11,14.59,20.14,9.02,0.0,15.52
2018-04-12,15.44,20.84,9.81,0.02,20.35
2018-04-13,16.03,22.44,9.89,0.0,23.98
2018-04-14,15.19,22.63,9.21,0.0,25.95
2018-04-15,12.94,19.71,7.14,0.0,26.78
2018-04-16,13.33,21.46,6.05,0.0,24.24
2018-04-17,16.14,24.48,9.33,0.0,24.7
2018-04-18,17.19,24.47,9.5,0.0,26.86
2018-04-19,14.18,21.84,6.48,0.0,23.45
2018-04-20,9.75,17.51,3.93,1.4,21.71
2018-04-21,6.22,11.71,1.45,0.25,15.1
2018-04-22,9.29,16.63,0.4,0.0,28.22
2018-04-23,15.28,22.31,7.96,0.0,27.93
2018-04-24,14.53,22.26,7.04,0.0,27.74
2018-04-25,16.07,23.12,10.27,0.0,27.24
2018-04-26,15.72,22.71,8.93,0.0,22.78
2018-04-27,14.52,19.25,9.24,0.01,22.9
2018-04-28,16.14,23.01,9.74,0.0,26.82
2018-04-29,16.62,23.84,8.72,0.0,28.75
2018-04-30,18.15,24.77,11.83,0.0,28.92
2018-05-01,18.96,25.27,11.96,0.0,26.39
2018-05-02,17.48,23.93,11.41,2.11,21.83
2018-05-03,17.48,24.18,10.94,0.14,24.5
2018-05-04,20.0,27.02,13.64,0.02,25.75
2018-05-05,17.07,22.13,12.05,2.64,18.02
2018-05-06,14.86,18.16,11.36,2.84,18.56
2018-05-07,14.32,19.61,10.76,1.21,19.93
2018-05-08,12.07,16.6,7.98,1.88,13.63
2018-05-09,13.33,19.0,7.87,2.98,12.73
2018-05-10,13.77,17.0,9.77,8.99,20.78
2018-05-11,13.47,18.13,9.42,1.85,20.28
2018-05-12,11.73,16.26,8.12,2.08,14.11
2018-05-13,12.41,19.9,3.56,0.02,26.31
2018-05-14,15.25,22.42,8.54,0.22,29.52
2018-05-15,17.33,24.02,10.39,0.0,29.11
2018-05-16,19.24,25.78,13.63,0.13,27.8
2018-05-17,19.55,25.54,14.07,2.98,24.26
2018-05-18,18.5,22.6,13.03,0.11,19.2
2018-05-19,19.47,23.75,13.89,0.21,21.52
2018-05-20,20.06,26.46,14.28,0.97,21.83
2018-05-21,19.3,26.7,12.55,1.78,24.48
2018-05-22,20.68,28.07,13.41,2.21,23.3
2018-05-23,20.37,25.97,13.7,0.09,28.49
2018-05-24,20.39,26.97,14.53,2.58,23.1
2018-05-25,17.63,23.71,12.55,3.36,19.47
2018-05-26,15.56,19.45,12.11,4.51,16.11
2018-05-27,17.11,22.98,11.01,0.22,26.04
2018-05-28,17.71,24.58,11.23,6.28,25.56
2018-05-29,15.25,18.8,12.53,2.87,21.65
2018-05-30,15.9,21.01,11.61,2.62,16.84
2018-05-31,14.83,19.82,10.2,2.97,19.47
2018-06-01,15.26,20.02,10.38,2.37,18.68
2018-06-02,17.4,23.78,9.4,0.0,28.35
2018-06-03,17.89,25.48,10.08,0.0,30.56
2018-06-04,18.26,25.72,10.28,0.0,31.75
2018-06-05,19.78,26.69,13.23,1.4,27.16
2018-06-06,19.48,24.99,14.11,4.84,26.45
2018-06-07,21.15,27.7,13.62,0.35,28.01
2018-06-08,21.09,28.17,13.79,0.14,29.27
2018-06-09,23.01,29.85,15.79,0.0,31.24
2018-06-10,24.24,31.11,18.11,0.32,28.31
2018-06-11,21.06,26.28,16.55,4.22,25.64
2018-06-12,19.35,25.43,12.52,0.29,30.1
2018-06-13,20.8,27.97,12.61,0.0,31.93
2018-06-14,21.48,28.21,15.15,5.92,23.14
2018-06-15,21.12,27.95,13.87,6.49,25.09
2018-06-16,18.16,24.91,13.42,6.24,16.97
2018-06-17,16.8,21.84,12.25,7.43,25.08
2018-06-18,17.79,22.66,13.1,1.7,20.75
2018-06-19,17.47,21.34,12.39,12.83,18.24
2018-06-20,18.28,23.29,12.46,1.14,23.47
2018-06-21,19.5,23.88,15.06,4.18,21.62
2018-06-22,18.97,24.94,13.36,4.5,25.79
2018-06-23,18.83,24.66,12.97,0.81,24.18
2018-06-24,20.04,25.82,13.81,0.14,26.21
2018-06-25,20.68,24.91,14.66,7.44,21.08
2018-06-26,21.76,28.41,14.48,0.2,29.76
2018-06-27,22.01,28.91,16.13,0.12,27.23
2018-06-28,21.02,27.2,15.04,0.0,30.89
2018-06-29,19.69,25.82,13.82,0.0,28.79
2018-06-30,19.98,25.76,15.59,0.0,26.52
2018-07-01,21.08,27.43,14.33,0.0,27.15
2018-07-02,21.75,28.99,13.73,0.0,28.87
2018-07-03,21.72,29.24,13.77,0.0,30.42
2018-07-04,20.87,28.25,12.65,0.0,31.84
2018-07-05,20.45,27.58,12.45,0.0,31.16
2018-07-06,20.55,27.59,12.95,0.0,31.31
2018-07-07,21.62,28.53,12.88,0.0,31.0
2018-07-08,24.21,31.52,15.8,0.08,27.51
2018-07-09,23.98,31.03,17.12,0.94,29.25
2018-07-10,24.36,31.29,16.95,0.01,28.0
2018-07-11,24.57,31.55,16.62,0.38,28.46
2018-07-12,23.35,30.26,17.2,0.82,28.57
2018-07-13,22.85,30.23,15.34,0.0,29.5
2018-07-14,21.54,27.49,15.87,0.04,24.97
2018-07-15,20.99,27.42,15.3,0.0,27.24
2018-07-16,20.3,27.23,13.51,0.0,29.55
2018-07-17,21.72,28.72,13.98,0.0,30.67
2018-07-18,24.37,31.25,18.24,0.83,26.63
2018-07-19,21.35,27.33,15.98,1.02,25.5
2018-07-20,21.45,28.27,14.67,0.0,26.87
2018-07-21,21.86,28.9,15.22,0.0,28.19
2018-07-22,22.33,29.38,14.9,0.0,28.41
2018-07-23,23.96,31.18,16.53,0.1,27.26
2018-07-24,23.13,28.94,17.2,2.39,22.51
2018-07-25,21.48,26.72,16.05,0.89,21.24
2018-07-26,22.56,28.26,17.78,2.41,23.78
2018-07-27,22.18,28.61,16.32,1.54,24.43
2018-07-28,21.97,28.54,15.26,0.17,27.38
2018-07-29,23.31,30.25,14.93,0.0,26.13
2018-07-30,24.95,31.24,16.42,0.46,23.71
2018-07-31,24.61,30.96,19.82,1.44,21.1
2018-08-01,23.7,29.85,17.82,0.03,26.06
2018-08-02,23.43,30.03,16.71,0.97,25.54
2018-08-03,22.73,28.44,17.02,0.04,26.64
2018-08-04,20.99,26.71,16.55,4.61,20.24
2018-08-05,22.46,28.8,14.85,1.58,23.46
2018-08-06,22.34,28.69,16.42,5.48,23.85
2018-08-07,21.62,26.76,16.34,0.16,22.52
2018-08-08,21.49,28.01,14.65,0.0,25.55
2018-08-09,21.71,28.53,14.63,0.0,25.77
2018-08-10,20.86,27.2,14.82,0.0,25.97
2018-08-11,18.91,25.73,12.89,0.0,28.69
2018-08-12,19.07,27.27,10.48,0.0,28.82
2018-08-13,19.84,28.11,11.42,0.0,28.21
2018-08-14,20.56,28.32,13.1,0.0,28.84
2018-08-15,22.83,30.08,14.59,0.0,28.46
2018-08-16,24.86,32.16,17.93,0.0,27.63
2018-08-17,25.27,32.99,18.94,0.04,25.87
2018-08-18,23.53,30.95,15.76,0.17,24.94
2018-08-19,22.65,29.32,17.39,0.03,25.67
2018-08-20,22.01,29.16,14.51,0.01,26.29
2018-08-21,24.07,30.27,17.75,0.41,22.68
2018-08-22,23.75,30.68,15.71,0.0,23.94
2018-08-23,24.25,31.23,17.21,0.0,25.87
2018-08-24,25.34,33.06,17.81,0.0,25.58
2018-08-25,25.45,33.36,19.09,0.0,25.37
2018-08-26,24.55,32.35,16.09,0.0,23.92
2018-08-27,25.34,32.3,17.97,0.0,21.07
2018-08-28,25.08,31.89,18.4,0.0,23.95
2018-08-29,23.33,30.25,16.83,0.1,20.69
2018-08-30,22.4,29.08,15.82,0.01,22.36
2018-08-31,23.45,30.72,15.98,0.0,23.59
2018-09-01,24.02,31.06,16.88,0.0,23.24
2018-09-02,24.54,31.3,19.03,0.0,24.23
2018-09-03,23.31,30.38,16.35,0.0,24.24
2018-09-04,25.36,32.37,18.64,0.0,22.93
2018-09-05,24.51,31.99,18.65,0.0,21.2
2018-09-06,19.87,24.55,15.24,0.4,18.15
2018-09-07,18.35,25.12,12.6,0.0,21.13
2018-09-08,19.56,25.96,13.27,0.0,21.68
2018-09-09,18.0,21.71,14.58,0.03,15.23
2018-09-10,17.17,24.1,11.05,0.0,21.84
2018-09-11,16.33,22.27,10.04,0.03,18.65
2018-09-12,17.68,24.54,11.58,0.07,20.3
2018-09-13,19.28,26.82,13.0,0.47,18.6
2018-09-14,16.46,21.37,11.95,0.31,16.2
2018-09-15,16.46,23.37,10.49,0.06,18.15
2018-09-16,17.05,23.92,9.98,0.08,20.68
2018-09-17,17.56,23.73,12.68,0.0,20.42
2018-09-18,16.63,23.27,10.23,0.0,20.49
2018-09-19,17.05,24.58,9.74,0.0,22.37
2018-09-20,17.94,26.6,9.76,0.0,22.02
2018-09-21,19.27,26.73,13.05,0.0,21.73
2018-09-22,20.3,27.84,14.18,0.0,22.01
2018-09-23,20.57,28.21,13.8,0.0,21.97
2018-09-24,22.48,30.58,15.49,0.0,21.41
2018-09-25,18.44,26.61,10.91,0.0,19.7
2018-09-26,11.47,15.93,8.15,0.0,7.31
2018-09-27,11.87,19.02,7.37,0.0,12.67
2018-09-28,16.17,25.62,6.76,0.0,18.2
2018-09-29,18.1,24.66,12.09,1.64,15.65
2018-09-30,17.41,24.54,11.75,0.76,16.1
2018-10-01,16.29,21.53,12.06,2.23,14.51
2018-10-02,16.23,22.67,9.95,0.01,18.3
2018-10-03,17.39,24.38,12.39,0.0,19.03
2018-10-04,15.24,22.12,10.04,0.0,18.25
2018-10-05,12.85,19.6,8.39,0.0,18.33
2018-10-06,11.35,19.62,4.57,0.0,20.0
2018-10-07,13.66,22.94,5.93,0.0,19.58
2018-10-08,16.64,24.27,10.9,0.0,18.23
2018-10-09,15.3,21.04,9.51,1.93,12.72
2018-10-10,12.85,19.27,7.13,0.07,15.41
2018-10-11,12.17,17.92,7.15,4.64,13.83
2018-10-12,12.7,19.01,6.72,1.25,14.46
2018-10-13,13.27,18.01,9.66,3.83,6.85
2018-10-14,13.76,19.52,8.99,0.38,13.93
2018-10-15,14.63,21.78,8.2,0.0,15.75
2018-10-16,15.01,21.48,9.7,1.53,13.32
2018-10-17,15.02,21.46,10.09,0.54,12.27
2018-10-18,16.17,20.88,11.97,2.48,11.26
2018-10-19,16.9,21.12,13.48,0.4,12.5
2018-10-20,16.05,21.24,11.34,1.12,13.78
2018-10-21,11.96,16.29,8.05,1.15,11.03
2018-10-22,11.55,17.29,6.32,0.0,10.22
2018-10-23,14.0,19.62,9.11,0.02,13.06
2018-10-24,13.79,19.69,9.19,4.08,12.36
2018-10-25,5.19,11.48,0.35,7.63,4.01
2018-10-26,3.87,10.21,-2.1,0.01,15.99
2018-10-27,7.96,16.16,0.12,0.0,15.92
2018-10-28,11.15,20.46,3.62,0.0,15.77
2018-10-29,12.85,21.79,7.17,0.0,15.84
2018-10-30,13.5,21.39,8.2,0.0,14.41
2018-10-31,13.35,20.66,9.45,0.0,14.17
2018-11-01,11.84,19.22,6.99,0.0,14.86
2018-11-02,11.43,18.78,5.74,0.0,14.71
2018-11-03,9.42,16.04,4.87,0.0,14.72
2018-11-04,8.62,16.55,1.8,0.0,13.28
2018-11-05,7.91,15.17,2.15,0.0,13.96
2018-11-06,8.0,14.72,2.79,0.0,12.95
2018-11-07,7.59,14.33,3.05,0.0,13.73
2018-11-08,9.1,16.09,4.21,0.0,13.03
2018-11-09,8.08,14.23,3.9,0.0,12.0
2018-11-10,7.45,13.48,3.77,0.0,10.19
2018-11-11,7.16,12.63,2.68,0.0,11.36
2018-11-12,6.5,13.46,1.96,0.0,12.61
2018-11-13,3.12,8.85,-0.42,0.0,10.09
2018-11-14,1.7,6.96,-2.93,0.0,12.21
2018-11-15,0.63,7.22,-3.7,0.8,9.57
2018-11-16,0.36,5.81,-3.71,0.22,7.9
2018-11-17,1.7,5.71,-1.59,6.36,3.18
2018-11-18,7.47,12.48,4.22,1.3,6.73
2018-11-19,8.26,14.15,3.89,0.03,9.71
2018-11-20,8.9,14.32,5.73,0.0,7.06
2018-11-21,8.63,13.93,5.74,0.17,4.21
2018-11-22,6.91,11.7,3.92,3.37,7.4
2018-11-23,4.4,7.01,0.96,5.13,4.17
2018-11-24,1.32,6.54,-1.14,0.0,10.79
2018-11-25,4.39,11.43,-0.72,0.0,9.97
2018-11-26,5.11,11.26,-0.42,1.08,6.49
2018-11-27,8.12,12.43,5.27,0.8,4.7
2018-11-28,9.25,11.52,7.21,3.79,3.28
2018-11-29,4.01,6.98,1.25,6.26,2.39
2018-11-30,3.64,7.93,0.91,5.71,2.24
2018-12-01,2.75,8.7,-0.32,0.01,6.62
2018-12-02,4.93,11.41,0.05,0.19,8.76
2018-12-03,5.32,10.24,2.13,0.44,5.51
2018-12-04,5.37,10.86,1.95,1.81,5.25
2018-12-05,5.43,9.4,2.79,0.35,7.68
2018-12-06,1.37,3.07,-0.81,6.05,1.94
2018-12-07,-1.65,2.15,-6.13,0.02,5.22
2018-12-08,-0.52,6.06,-6.04,0.0,9.08
2018-12-09,2.6,6.89,-1.61,2.82,5.86
2018-12-10,5.12,9.16,1.49,10.25,7.34
2018-12-11,2.32,5.12,-1.45,5.25,7.34
2018-12-12,-1.23,2.49,-5.96,1.48,3.56
2018-12-13,-2.44,2.5,-7.13,0.72,9.64
2018-12-14,2.63,6.03,-0.73,2.23,4.53
2018-12-15,4.65,8.8,2.1,0.83,7.17
2018-12-16,4.37,8.11,2.95,6.27,5.56
2018-12-17,3.29,5.05,2.04,5.24,4.11
2018-12-18,3.12,7.87,0.79,8.08,5.75
2018-12-19,1.85,5.77,-2.86,5.39,3.94
2018-12-20,-1.11,3.66,-3.85,0.16,6.78
2018-12-21,1.19,6.24,-2.05,0.02,9.64
2018-12-22,2.29,7.81,-0.7,0.0,9.88
2018-12-23,0.74,6.05,-2.48,0.06,6.82
2018-12-24,1.55,7.37,-2.06,0.0,9.82
2018-12-25,3.13,6.99,-3.14,14.15,3.21
2018-12-26,-5.74,-3.4,-9.86,1.88,2.87
2018-12-27,-7.33,-3.46,-10.86,0.0,6.1
2018-12-28,-6.0,-1.88,-9.42,0.01,8.2
2018-12-29,-4.77,1.46,-10.4,0.84,4.68
2018-12-30,-3.57,-0.17,-5.65,1.44,4.09
2018-12-31,-5.11,0.17,-7.82,0.02,5.85
2019-01-01,-2.87,2.11,-7.58,2.38,4.0
2019-01-02,0.21,3.0,-1.57,3.49,2.13
2019-01-03,0.87,3.56,-1.95,6.1,6.67
2019-01-04,0.62,2.81,-2.22,0.93,7.69
2019-01-05,-0.76,3.8,-4.2,0.97,5.33
2019-01-06,-3.78,-2.55,-6.52,5.02,1.44
2019-01-07,-4.11,-0.35,-6.92,0.99,3.99
2019-01-08,-6.82,-4.78,-9.54,1.75,2.42
2019-01-09,-8.68,-2.78,-13.6,0.0,7.57
2019-01-10,-1.74,2.83,-9.4,0.31,5.95
2019-01-11,1.54,4.71,-0.59,0.12,6.93
2019-01-12,1.91,5.34,-0.03,1.82,5.19
2019-01-13,0.11,2.47,-1.89,1.03,6.66
2019-01-14,0.09,3.95,-2.36,0.75,4.99
2019-01-15,1.22,4.48,-3.47,11.76,2.53
2019-01-16,-5.67,-3.31,-8.66,1.0,5.46
2019-01-17,-3.45,1.64,-8.21,0.01,8.31
2019-01-18,-1.2,5.19,-6.66,0.0,11.76
2019-01-19,0.61,5.54,-3.56,0.02,8.98
2019-01-20,1.51,5.25,-0.49,0.21,9.32
2019-01-21,0.72,3.2,-0.38,2.99,7.14
2019-01-22,1.72,6.26,-0.83,0.52,5.57
2019-01-23,1.91,6.56,-0.69,1.21,10.21
2019-01-24,1.89,5.74,-1.07,16.34,5.92
2019-01-25,2.1,5.81,-1.41,0.68,3.87
2019-01-26,3.19,6.38,0.31,5.71,4.39
2019-01-27,1.31,5.02,-0.71,1.66,6.97
2019-01-28,1.58,7.12,-1.96,0.01,11.62
2019-01-29,1.89,7.49,-1.98,0.19,8.3
2019-01-30,2.47,6.78,-1.01,4.6,6.65
2019-01-31,2.84,6.14,0.28,3.76,6.35
2019-02-01,0.61,4.54,-2.51,0.29,10.62
2019-02-02,2.22,7.77,-2.34,0.0,12.69
2019-02-03,5.09,11.74,-0.49,0.0,13.04
2019-02-04,6.2,13.23,1.93,0.0,13.39
2019-02-05,5.68,13.66,0.78,0.16,14.03
2019-02-06,5.07,10.34,1.38,9.31,6.08
2019-02-07,3.08,7.16,0.68,11.84,4.21
2019-02-08,1.7,4.13,-0.42,1.18,5.89
2019-02-09,0.25,1.61,-0.75,1.6,4.89
2019-02-10,0.36,4.98,-3.07,0.11,7.88
2019-02-11,1.95,9.28,-3.03,0.0,14.91
2019-02-12,3.16,9.55,-0.9,0.06,13.5
2019-02-13,3.98,8.73,1.12,1.57,6.06
2019-02-14,1.32,3.73,-1.9,2.85,5.49
2019-02-15,-0.13,4.58,-2.69,0.45,5.6
2019-02-16,-1.04,3.03,-3.89,0.0,8.18
2019-02-17,-0.19,5.31,-4.15,0.0,14.59
2019-02-18,2.03,8.3,-1.93,0.0,15.91
2019-02-19,3.2,9.05,-1.18,0.0,16.7
2019-02-20,4.67,10.54,-0.26,0.0,17.03
2019-02-21,3.38,8.66,-0.58,0.04,14.58
2019-02-22,2.89,8.8,-0.97,0.1,13.62
2019-02-23,2.94,6.41,0.51,0.44,9.63
2019-02-24,2.26,5.65,0.37,0.04,7.94
2019-02-25,3.35,9.07,0.39,0.01,9.16
2019-02-26,0.66,4.0,-4.07,1.17,6.21
2019-02-27,-2.13,-0.47,-3.82,0.05,7.04
2019-02-28,-2.87,0.99,-5.04,0.04,11.97
2019-03-01,1.17,9.08,-4.59,0.0,17.99
2019-03-02,3.65,9.52,-1.45,0.17,15.6
2019-03-03,2.45,6.11,0.13,3.4,10.22
2019-03-04,1.53,6.24,-2.18,2.13,11.82
2019-03-05,3.82,9.54,-0.89,0.54,18.0
2019-03-06,3.93,10.06,-1.18,0.44,12.88
2019-03-07,4.74,9.82,1.38,0.53,19.73
2019-03-08,5.2,11.22,1.17,0.0,20.16
2019-03-09,7.63,15.51,1.04,0.0,18.63
2019-03-10,7.32,13.9,1.92,0.0,18.66
2019-03-11,7.75,15.41,0.78,0.06,19.53
2019-03-12,6.83,11.45,3.53,1.05,9.19
2019-03-13,4.54,8.67,1.84,2.46,12.03
2019-03-14,5.97,12.07,1.42,0.55,17.81
2019-03-15,4.52,7.46,0.96,6.97,9.44
2019-03-16,2.24,7.32,-1.15,0.7,16.02
2019-03-17,5.13,10.82,-0.14,0.0,13.23
2019-03-18,8.84,15.61,2.09,0.0,21.9
2019-03-19,10.28,16.88,4.22,0.0,21.68
2019-03-20,10.18,16.52,4.51,0.08,19.53
2019-03-21,5.74,13.02,0.38,0.08,22.21
2019-03-22,5.06,11.48,0.33,0.0,22.9
2019-03-23,4.81,12.75,-1.97,0.0,22.96
2019-03-24,-0.88,4.87,-5.76,0.0,22.82
2019-03-25,1.44,8.28,-4.89,0.0,24.06
2019-03-26,7.09,14.35,1.4,0.0,24.3
2019-03-27,6.77,13.64,0.73,0.02,21.69
2019-03-28,4.52,10.03,0.59,4.13,15.16
2019-03-29,1.57,4.72,-1.97,4.07,9.01
2019-03-30,-0.33,5.93,-5.54,0.84,13.51
2019-03-31,1.0,6.72,-3.55,0.66,7.73
2019-04-01,4.44,10.54,-0.69,0.0,17.19
2019-04-02,4.84,11.54,-1.96,0.0,21.0
2019-04-03,5.48,11.37,-0.28,0.0,18.57
2019-04-04,7.58,13.21,1.76,0.4,19.41
2019-04-05,8.94,14.45,4.35,0.0,18.73
2019-04-06,7.3,13.97,2.76,1.88,13.77
2019-04-07,9.16,14.33,3.7,1.32,16.09
2019-04-08,10.15,16.4,5.0,1.31,22.03
2019-04-09,7.36,12.05,3.14,11.23,15.99
2019-04-10,5.9,9.25,2.67,4.74,12.8
2019-04-11,8.67,14.73,4.56,1.92,16.54
2019-04-12,9.11,15.36,2.93,1.06,19.51
2019-04-13,9.62,17.54,5.15,1.16,13.44
2019-04-14,9.8,16.65,4.86,4.8,19.97
2019-04-15,7.53,10.92,3.69,6.64,14.05
2019-04-16,5.2,8.37,1.98,1.93,8.24
2019-04-17,4.27,10.76,-0.86,0.02,19.15
2019-04-18,3.5,8.52,-2.03,0.87,17.01
2019-04-19,3.2,8.73,-2.89,0.02,14.61
2019-04-20,-0.55,3.35,-3.87,0.13,17.31
2019-04-21,1.51,6.88,-2.93,0.13,13.94
2019-04-22,3.3,9.75,-3.4,0.0,27.34
2019-04-23,8.57,14.8,1.64,0.0,27.71
2019-04-24,11.94,18.16,6.67,0.26,19.82
2019-04-25,13.82,19.55,7.42,0.16,22.41
2019-04-26,12.3,17.1,8.53,4.37,14.88
2019-04-27,12.93,19.43,5.43,0.02,26.12
2019-04-28,14.06,19.85,7.39,2.05,22.69
2019-04-29,15.15,21.93,8.49,0.01,27.37
2019-04-30,14.66,21.27,8.45,0.0,28.16
2019-05-01,13.28,20.17,6.46,0.0,24.33
2019-05-02,11.21,15.93,5.4,2.43,21.85
2019-05-03,9.95,14.92,4.53,0.02,24.71
2019-05-04,13.74,19.78,8.79,0.03,26.72
2019-05-05,12.28,19.28,7.38,3.83,19.57
2019-05-06,14.02,21.68,7.88,0.0,26.74
2019-05-07,10.82,17.3,3.93,3.53,20.99
2019-05-08,7.49,11.31,4.34,0.53,18.0
2019-05-09,9.91,15.73,3.62,0.0,23.37
2019-05-10,11.42,16.81,7.38,2.31,14.0
2019-05-11,10.34,14.12,7.13,8.99,10.81
2019-05-12,11.72,17.95,6.24,0.09,28.97
2019-05-13,14.87,22.02,7.0,0.0,30.47
2019-05-14,18.28,26.64,9.82,0.02,29.1
2019-05-15,20.34,27.54,14.4,0.0,29.82
2019-05-16,19.74,25.91,13.05,0.0,26.88
2019-05-17,19.18,26.7,12.31,0.38,25.87
2019-05-18,13.5,17.07,9.5,5.76,23.06
2019-05-19,16.38,22.99,8.64,0.05,27.0
2019-05-20,19.99,27.35,12.35,0.0,24.96
2019-05-21,17.65,24.56,12.71,0.0,17.93
2019-05-22,17.24,24.03,11.38,0.15,18.41
2019-05-23,18.13,24.87,13.43,0.12,18.78
2019-05-24,18.29,25.08,12.46,2.08,25.05
2019-05-25,15.25,22.21,8.53,1.0,27.15
2019-05-26,16.44,23.37,10.12,0.0,28.66
2019-05-27,18.96,26.41,10.65,0.0,30.87
2019-05-28,22.33,29.34,14.57,1.3,29.64
2019-05-29,22.84,30.65,14.21,0.44,28.67
2019-05-30,22.75,29.95,16.63,0.0,25.86
2019-05-31,21.45,28.45,13.76,0.2,28.54
2019-06-01,21.48,26.75,15.35,1.06,22.03
2019-06-02,21.22,27.4,15.53,0.0,19.11
2019-06-03,20.29,27.05,13.59,0.13,25.95
2019-06-04,20.44,26.96,14.72,0.0,29.6
2019-06-05,19.46,26.64,13.17,0.0,31.65
2019-06-06,19.91,27.18,12.94,0.0,30.52
2019-06-07,19.84,27.33,11.19,0.04,28.31
2019-06-08,19.89,26.79,12.94,0.96,26.33
2019-06-09,18.1,26.74,11.87,6.2,21.88
2019-06-10,18.34,23.61,13.85,2.47,22.1
2019-06-11,17.72,21.06,14.26,6.86,22.37
2019-06-12,16.92,20.05,12.8,1.33,19.41
2019-06-13,18.17,23.96,12.98,2.77,21.26
2019-06-14,17.91,24.3,11.2,0.27,27.44
2019-06-15,17.92,22.87,12.96,4.29,22.08
2019-06-16,17.96,23.25,11.96,5.96,20.91
2019-06-17,19.15,24.12,13.72,2.98,22.0
2019-06-18,17.93,20.98,14.92,6.11,22.23
2019-06-19,17.15,21.13,14.44,11.32,16.09
2019-06-20,17.35,21.43,13.99,8.17,15.22
2019-06-21,18.33,23.58,13.03,2.48,21.37
2019-06-22,18.16,22.85,14.31,2.99,22.86
2019-06-23,19.75,26.57,13.01,0.0,29.5
2019-06-24,20.78,27.71,13.49,0.0,31.53
2019-06-25,23.03,30.02,15.36,0.0,30.53
2019-06-26,23.45,30.9,15.34,0.83,29.62
2019-06-27,22.42,29.1,15.34,0.97,29.15
2019-06-28,21.69,28.49,15.47,1.64,25.33
2019-06-29,18.7,24.05,13.18,0.0,25.33
2019-06-30,15.84,22.32,10.29,0.0,31.01
2019-07-01,16.03,23.41,8.37,0.0,32.14
2019-07-02,18.39,26.03,8.67,0.0,32.44
2019-07-03,21.93,29.28,13.61,0.0,32.06
2019-07-04,21.82,29.55,13.5,0.19,31.2
2019-07-05,21.62,28.68,13.53,0.01,29.87
2019-07-06,21.02,27.82,14.45,0.0,30.11
2019-07-07,21.32,28.2,13.15,0.0,29.62
2019-07-08,22.91,30.97,15.44,0.0,30.95
2019-07-09,23.23,29.53,15.49,0.0,29.14
2019-07-10,23.21,30.19,16.6,0.0,27.1
2019-07-11,21.96,29.84,13.98,2.97,23.21
2019-07-12,17.49,24.7,11.97,0.0,23.93
2019-07-13,16.75,23.94,9.34,0.0,26.87
2019-07-14,19.85,27.27,11.25,1.77,23.32
2019-07-15,18.53,24.34,12.37,0.15,22.41
2019-07-16,20.28,27.41,11.46,2.48,24.97
2019-07-17,19.69,24.87,15.24,11.76,16.87
2019-07-18,17.3,21.42,14.32,2.69,14.96
2019-07-19,19.05,25.74,11.79,0.03,28.51
2019-07-20,20.23,26.98,13.3,0.0,29.76
2019-07-21,20.06,27.17,12.87,0.0,29.49
2019-07-22,19.76,26.22,12.23,0.0,24.92
2019-07-23,19.3,26.12,12.0,0.0,30.41
2019-07-24,19.66,27.09,11.94,0.0,25.97
2019-07-25,19.72,26.67,13.43,0.0,26.94
2019-07-26,21.05,28.59,13.11,0.0,28.98
2019-07-27,23.07,29.49,16.84,0.0,29.96
2019-07-28,23.52,30.42,14.59,0.0,29.89
2019-07-29,25.79,33.72,18.75,0.0,29.29
2019-07-30,24.41,31.86,17.48,0.0,29.09
2019-07-31,24.15,31.49,15.58,0.0,27.03
2019-08-01,25.43,32.45,18.04,0.02,24.86
2019-08-02,24.24,31.23,18.86,0.0,27.64
2019-08-03,23.9,31.38,16.62,0.0,28.04
2019-08-04,24.31,31.3,17.98,0.0,23.98
2019-08-05,19.64,25.31,15.34,0.0,18.18
2019-08-06,19.71,26.68,13.7,0.0,24.26
2019-08-07,19.5,27.22,11.89,0.0,29.3
2019-08-08,20.95,29.18,12.56,0.0,29.45
2019-08-09,22.12,30.69,13.74,0.0,28.93
2019-08-10,21.31,30.05,12.57,0.0,28.47
2019-08-11,21.19,29.55,13.55,0.0,28.35
2019-08-12,20.97,30.23,12.13,0.0,28.63
2019-08-13,23.31,34.23,13.03,0.0,27.54
2019-08-14,27.34,34.8,20.14,0.02,19.66
2019-08-15,24.9,30.58,20.34,2.53,17.25
2019-08-16,23.22,29.54,17.66,0.15,21.71
2019-08-17,20.79,27.19,14.93,1.95,20.66
2019-08-18,16.26,20.98,12.48,0.14,15.48
2019-08-19,17.23,23.59,11.96,0.0,21.25
2019-08-20,17.66,22.79,13.46,0.12,15.61
2019-08-21,18.24,23.94,13.41,0.38,17.85
2019-08-22,20.23,26.58,14.21,0.05,17.97
2019-08-23,21.12,27.74,14.54,0.0,24.83
2019-08-24,21.74,29.14,15.14,0.0,25.54
2019-08-25,22.79,29.65,15.11,0.0,25.22
2019-08-26,22.54,29.45,15.03,0.0,25.19
2019-08-27,22.04,29.06,16.03,0.0,25.68
2019-08-28,20.43,27.53,13.18,0.0,23.99
2019-08-29,21.09,28.46,13.56,0.0,24.85
2019-08-30,20.35,28.37,13.69,0.0,24.5
2019-08-31,20.14,28.33,12.09,0.0,24.85
2019-09-01,21.8,29.07,13.96,0.0,23.11
2019-09-02,24.28,30.98,17.82,0.0,22.88
2019-09-03,24.63,31.66,17.51,0.1,19.92
2019-09-04,23.39,29.79,16.08,1.25,21.58
2019-09-05,21.37,27.74,14.47,4.46,18.29
2019-09-06,21.12,27.33,15.38,0.24,19.62
2019-09-07,19.18,27.03,12.19,0.0,23.09
2019-09-08,18.75,26.6,11.27,0.0,23.46
2019-09-09,18.95,26.96,11.05,0.0,23.55
2019-09-10,20.39,27.97,13.69,0.0,22.5
2019-09-11,20.81,27.86,14.64,0.0,21.27
2019-09-12,20.14,27.13,13.59,0.0,22.25
2019-09-13,17.97,24.8,11.07,0.07,22.01
2019-09-14,17.19,23.84,10.9,0.86,18.06
2019-09-15,15.72,22.48,10.7,0.0,18.94
2019-09-16,14.99,21.03,7.97,0.0,15.7
2019-09-17,18.93,26.01,12.19,0.0,22.11
2019-09-18,20.41,28.49,13.12,0.0,22.55
2019-09-19,20.53,28.53,13.09,0.0,21.76
2019-09-20,18.43,26.25,12.03,0.0,20.84
2019-09-21,12.37,18.28,6.67,0.0,12.56
2019-09-22,11.23,19.45,3.71,0.0,22.62
2019-09-23,16.54,25.0,8.44,0.0,22.11
2019-09-24,19.02,26.63,10.85,0.08,20.71
2019-09-25,17.36,21.95,13.77,2.13,11.63
2019-09-26,18.33,25.23,13.36,0.0,18.41
2019-09-27,18.01,25.21,12.5,0.0,17.34
2019-09-28,15.22,21.93,9.95,0.0,20.34
2019-09-29,17.32,24.83,10.77,0.0,20.28
2019-09-30,18.68,26.91,11.79,0.0,20.34
2019-10-01,18.54,26.23,13.16,0.0,20.27
2019-10-02,19.28,27.01,13.52,0.4,19.03
2019-10-03,18.11,25.36,11.9,0.0,18.82
2019-10-04,18.26,26.16,11.45,0.0,19.17
2019-10-05,16.3,20.76,12.32,0.92,11.03
2019-10-06,13.76,18.81,9.62,0.39,9.56
2019-10-07,14.4,21.14,7.35,0.01,14.58
2019-10-08,14.96,19.77,10.39,0.17,8.39
2019-10-09,16.17,23.23,9.82,0.0,16.99
2019-10-10,17.33,24.84,11.1,0.0,17.5
2019-10-11,17.06,22.07,12.29,0.0,13.94
2019-10-12,15.08,22.45,9.8,0.0,17.59
2019-10-13,14.98,23.39,8.31,0.0,18.43
2019-10-14,18.19,26.95,9.99,0.0,17.67
2019-10-15,20.0,27.72,14.7,0.39,15.51
2019-10-16,16.87,21.54,13.83,0.59,11.2
2019-10-17,16.74,22.12,12.48,6.18,12.27
2019-10-18,15.56,20.88,11.81,0.58,12.89
2019-10-19,15.15,21.89,10.64,0.79,14.88
2019-10-20,13.85,20.57,8.56,0.02,15.2
2019-10-21,12.73,18.4,7.08,0.0,13.93
2019-10-22,11.5,16.63,7.85,0.02,6.57
2019-10-23,11.24,18.34,6.57,0.0,12.24
2019-10-24,12.01,20.03,5.13,0.0,15.5
2019-10-25,13.21,20.04,7.91,0.0,15.44
2019-10-26,10.35,17.81,5.52,0.0,15.33
2019-10-27,9.45,15.48,5.07,0.0,11.74
2019-10-28,10.95,16.72,4.82,0.01,12.76
2019-10-29,12.53,18.37,7.72,0.0,14.06
2019-10-30,12.51,19.16,7.2,0.0,14.54
2019-10-31,12.14,18.7,6.83,0.0,13.12
2019-11-01,9.26,13.76,5.15,3.39,3.79
2019-11-02,5.6,12.02,1.55,0.02,13.38
2019-11-03,8.54,16.61,2.08,0.0,14.23
2019-11-04,9.76,17.02,4.28,0.0,12.12
2019-11-05,11.54,17.26,7.38,0.0,9.36
2019-11-06,12.43,19.33,7.0,0.0,13.7
2019-11-07,12.53,20.24,7.35,0.0,13.52
2019-11-08,12.47,19.35,6.79,0.0,13.34
2019-11-09,13.02,19.61,8.32,0.0,12.91
2019-11-10,12.42,19.17,7.11,0.0,12.77
2019-11-11,12.61,19.4,8.74,0.0,11.8
2019-11-12,13.13,20.17,8.17,0.0,12.05
2019-11-13,12.16,18.61,8.01,0.0,9.48
2019-11-14,10.56,14.83,8.38,1.43,8.62
2019-11-15,9.56,12.35,7.17,6.68,3.22
2019-11-16,9.11,15.18,5.67,0.0,9.88
2019-11-17,9.7,17.59,4.35,0.0,10.87
2019-11-18,9.63,16.59,5.27,0.0,9.4
2019-11-19,7.83,13.68,3.96,0.0,11.32
2019-11-20,7.03,14.57,1.12,0.0,11.94
2019-11-21,7.92,15.84,2.88,0.02,10.75
2019-11-22,8.52,13.06,5.85,0.02,9.05
2019-11-23,8.24,14.07,3.84,0.05,10.21
2019-11-24,7.63,11.59,4.55,0.24,7.29
2019-11-25,5.68,9.16,3.64,0.46,7.56
2019-11-26,7.36,11.66,3.53,4.92,3.94
2019-11-27,7.39,11.13,3.42,0.77,6.3
2019-11-28,5.64,11.88,1.9,0.0,9.81
2019-11-29,7.63,12.18,3.05,2.94,3.8
2019-11-30,7.58,12.71,4.93,0.2,7.86
2019-12-01,3.97,6.25,0.23,5.58,2.71
2019-12-02,0.59,5.23,-2.18,0.0,10.63
2019-12-03,4.99,13.79,-1.96,0.0,10.86
2019-12-04,3.27,9.59,-0.93,7.73,4.88
2019-12-05,-1.69,2.3,-6.29,0.19,5.32
2019-12-06,-3.61,2.58,-7.14,0.0,10.11
2019-12-07,0.84,8.66,-4.96,0.0,7.8
2019-12-08,1.3,6.03,-1.12,0.56,5.43
2019-12-09,0.02,5.16,-3.67,0.02,4.93
2019-12-10,1.7,7.92,-3.49,0.03,8.78
2019-12-11,3.41,8.07,0.77,3.67,4.74
2019-12-12,1.34,3.32,0.15,5.75,2.97
2019-12-13,3.05,6.45,1.1,0.95,6.4
2019-12-14,4.45,8.2,2.53,0.66,6.37
2019-12-15,5.36,9.86,2.51,0.16,9.29
2019-12-16,3.4,7.84,0.71,0.0,10.1
2019-12-17,5.92,13.31,2.03,0.02,10.38
2019-12-18,7.32,14.35,3.73,0.02,10.11
2019-12-19,7.62,15.21,3.83,0.04,10.22
2019-12-20,6.68,14.02,2.71,0.02,7.78
2019-12-21,4.93,11.88,0.2,0.02,9.95
2019-12-22,5.82,9.14,3.12,0.31,3.88
2019-12-23,6.84,8.92,5.14,6.67,2.97
2019-12-24,3.55,6.08,0.18,10.0,3.27
2019-12-25,1.64,5.67,-1.7,2.26,2.75
2019-12-26,0.15,3.13,-2.11,4.56,2.88
2019-12-27,-0.68,2.13,-2.38,0.67,4.74
2019-12-28,-1.55,1.46,-3.01,0.22,3.42
2019-12-29,-1.42,1.68,-3.41,0.79,2.74
2019-12-30,-1.41,0.71,-3.06,10.03,2.14
2019-12-31,-1.36,1.92,-3.12,2.79,3.74
2020-01-01,-1.73,1.76,-3.91,0.31,4.23
2020-01-02,-2.34,0.88,-5.38,1.25,3.58
2020-01-03,-3.53,1.62,-5.85,0.01,6.83
2020-01-04,-2.92,2.22,-5.96,0.0,6.61
2020-01-05,-1.7,3.02,-4.97,0.2,6.58
2020-01-06,0.52,3.17,-1.13,34.0,1.91
2020-01-07,-1.84,-0.13,-3.89,5.75,4.25
2020-01-08,-2.81,-0.14,-5.43,2.74,2.34
2020-01-09,-7.27,-2.14,-11.99,1.15,4.92
2020-01-10,-8.43,-2.05,-12.17,0.0,11.3
2020-01-11,-5.21,0.56,-10.75,0.0,11.47
2020-01-12,-2.58,0.95,-5.6,0.0,9.39
2020-01-13,-3.69,1.04,-7.14,0.0,11.26
2020-01-14,-1.45,4.33,-7.03,0.01,10.93
2020-01-15,-0.81,4.07,-3.38,0.0,10.16
2020-01-16,-2.46,3.54,-6.12,0.03,8.85
2020-01-17,-3.88,1.17,-7.21,0.23,7.55
2020-01-18,-3.62,1.03,-6.86,0.0,7.33
2020-01-19,-5.26,-1.13,-8.21,0.16,9.55
2020-01-20,-4.54,-0.47,-7.98,0.53,8.51
2020-01-21,-4.65,-1.24,-6.86,0.17,8.49
2020-01-22,-4.03,0.8,-8.14,0.0,12.17
2020-01-23,-2.93,3.49,-7.0,0.12,11.0
2020-01-24,-5.47,-1.74,-8.44,0.0,11.78
2020-01-25,-1.7,7.57,-9.17,0.0,12.97
2020-01-26,1.38,7.17,-2.77,0.0,11.46
2020-01-27,2.6,7.67,0.33,0.08,8.06
2020-01-28,1.84,5.13,-0.93,1.99,6.11
2020-01-29,1.91,7.65,-0.74,0.22,11.93
2020-01-30,2.28,6.66,-2.49,7.81,4.11
2020-01-31,-2.28,1.96,-4.66,0.84,12.08
2020-02-01,0.99,6.22,-2.77,0.04,7.55
2020-02-02,2.74,9.6,-1.15,0.05,12.96
2020-02-03,3.82,9.73,-0.37,0.02,10.87
2020-02-04,5.24,10.32,2.55,0.26,9.52
2020-02-05,6.71,11.36,3.7,3.06,8.94
2020-02-06,3.08,7.15,-0.61,14.42,6.35
2020-02-07,-2.9,-0.23,-6.46,5.6,2.48
2020-02-08,-6.82,-4.81,-10.58,1.11,7.0
2020-02-09,-8.34,-4.87,-10.52,0.0,6.19
2020-02-10,-6.46,-1.5,-11.35,0.0,12.39
2020-02-11,-1.71,4.32,-7.86,0.05,6.87
2020-02-12,2.21,6.51,-0.19,6.29,6.03
2020-02-13,0.74,4.5,-3.68,4.71,8.58
2020-02-14,1.42,7.57,-3.68,0.15,9.08
2020-02-15,0.35,2.02,-1.34,2.04,11.06
2020-02-16,0.06,4.48,-3.71,0.26,6.17
2020-02-17,-0.23,5.99,-3.87,0.0,15.47
2020-02-18,1.2,8.49,-4.24,0.0,15.85
2020-02-19,3.44,8.59,-0.8,0.0,16.59
2020-02-20,3.43,9.75,-0.22,0.45,13.0
2020-02-21,1.28,3.59,-2.35,12.52,4.39
2020-02-22,-1.01,2.31,-3.21,2.23,4.4
2020-02-23,-0.16,4.47,-3.41,0.77,7.68
2020-02-24,2.66,9.07,-2.47,0.0,14.26
2020-02-25,1.54,6.07,-1.44,0.0,17.01
2020-02-26,5.13,14.66,-1.91,0.01,17.56
2020-02-27,6.33,10.68,3.36,0.15,9.24
2020-02-28,6.76,11.75,2.51,1.42,11.7
2020-02-29,1.9,3.81,-1.28,7.38,5.49
2020-03-01,1.4,6.8,-3.46,0.02,15.02
2020-03-02,5.28,13.65,-0.89,0.0,18.63
2020-03-03,8.18,16.81,0.65,0.0,17.63
2020-03-04,6.54,13.06,2.1,0.0,11.27
2020-03-05,6.43,11.34,3.15,5.11,11.51
2020-03-06,5.86,11.55,1.82,0.08,15.15
2020-03-07,7.98,15.33,1.1,0.0,19.67
2020-03-08,9.83,18.7,4.09,0.0,18.64
2020-03-09,9.86,17.93,4.63,0.09,14.5
2020-03-10,6.6,11.21,3.24,5.45,13.85
2020-03-11,7.09,12.27,3.27,0.0,18.98
2020-03-12,7.15,12.62,1.26,0.0,15.42
2020-03-13,8.84,16.03,3.14,0.07,12.11
2020-03-14,11.43,17.2,5.42,0.0,20.06
2020-03-15,9.77,15.84,3.63,0.06,15.49
2020-03-16,0.68,3.75,-3.45,10.05,2.95
2020-03-17,-3.54,1.33,-7.22,0.05,13.36
2020-03-18,-3.12,2.25,-7.9,0.16,17.63
2020-03-19,-2.46,1.26,-4.99,1.08,9.72
2020-03-20,-1.57,3.82,-4.98,0.23,10.83
2020-03-21,2.02,8.45,-3.55,0.0,19.2
2020-03-22,6.46,13.59,-0.37,0.0,19.68
2020-03-23,6.14,11.34,0.85,0.1,17.41
2020-03-24,6.96,12.15,2.04,2.03,16.19
2020-03-25,7.28,13.25,2.25,0.19,15.89
2020-03-26,8.07,14.82,1.78,0.07,19.96
2020-03-27,7.28,10.2,4.58,1.73,11.54
2020-03-28,6.6,10.53,3.72,5.12,11.1
2020-03-29,3.99,8.25,0.12,1.09,11.89
2020-03-30,4.78,10.66,-0.14,0.51,11.14
2020-03-31,6.1,12.17,0.09,1.79,14.8
2020-04-01,6.17,11.34,0.86,1.76,14.68
2020-04-02,7.54,13.09,2.59,2.89,18.4
2020-04-03,4.63,9.99,-0.44,0.87,17.75
2020-04-04,7.99,14.32,2.79,0.14,13.29
2020-04-05,10.64,18.85,5.96,0.73,13.61
2020-04-06,9.85,14.94,4.69,2.09,15.66
2020-04-07,5.42,11.99,-0.04,1.02,17.5
2020-04-08,6.31,12.53,0.7,0.49,19.61
2020-04-09,6.6,11.33,2.57,1.75,16.62
2020-04-10,6.23,13.3,0.75,0.05,26.31
2020-04-11,6.36,13.7,-1.79,0.0,26.04
2020-04-12,7.46,14.43,1.58,0.0,25.67
2020-04-13,9.94,16.94,2.82,0.0,26.54
2020-04-14,11.05,18.07,4.67,0.07,25.01
2020-04-15,9.8,15.75,4.72,0.75,14.6
2020-04-16,5.37,10.36,2.96,1.23,9.78
2020-04-17,10.29,18.93,1.07,0.0,27.45
2020-04-18,13.01,20.51,5.87,0.0,26.53
2020-04-19,13.78,20.54,6.86,0.0,26.65
2020-04-20,14.52,21.86,7.42,0.0,24.11
2020-04-21,13.03,18.95,8.42,0.06,12.99
2020-04-22,8.12,9.57,4.65,3.94,7.23
2020-04-23,6.89,12.85,2.56,0.01,14.9
2020-04-24,5.45,9.56,0.61,1.48,14.81
2020-04-25,8.7,15.69,0.96,0.0,28.66
2020-04-26,10.89,18.03,2.83,0.0,28.99
2020-04-27,12.24,17.91,5.59,0.0,23.83
2020-04-28,11.44,17.55,4.36,0.0,25.49
2020-04-29,12.99,18.9,6.85,0.09,24.83
2020-04-30,12.0,16.96,8.66,5.86,15.84
2020-05-01,11.21,15.3,7.21,3.2,17.33
2020-05-02,10.59,14.04,8.33,5.72,17.59
2020-05-03,9.83,12.06,7.25,13.52,9.53
2020-05-04,9.18,13.95,5.1,2.25,17.87
2020-05-05,8.75,14.29,4.57,2.87,15.3
2020-05-06,11.52,18.43,4.24,0.0,28.54
2020-05-07,11.06,16.0,4.37,12.04,11.86
2020-05-08,8.69,15.37,3.35,2.14,16.92
2020-05-09,8.8,15.28,1.15,0.0,29.56
2020-05-10,12.27,19.11,3.5,0.0,30.03
2020-05-11,15.3,22.06,8.79,0.0,27.31
2020-05-12,18.29,27.07,9.43,0.0,27.89
2020-05-13,18.44,25.22,11.37,0.0,30.44
2020-05-14,19.45,25.8,12.15,0.0,28.14
2020-05-15,22.65,28.84,14.87,0.0,28.67
2020-05-16,23.32,31.42,16.93,0.0,28.07
2020-05-17,22.15,28.82,16.1,0.0,28.47
2020-05-18,24.37,31.94,17.24,0.03,25.92
2020-05-19,22.63,30.14,15.13,0.13,28.66
2020-05-20,23.84,30.93,16.71,0.31,25.9
2020-05-21,21.37,28.18,14.86,0.18,22.16
2020-05-22,12.09,19.58,2.65,1.74,18.63
2020-05-23,6.31,14.27,0.08,0.35,28.4
2020-05-24,8.49,15.71,2.18,0.0,30.44
2020-05-25,12.38,20.58,3.01,0.0,29.83
2020-05-26,14.29,20.58,8.34,8.29,21.1
2020-05-27,14.17,20.35,7.49,1.46,27.53
2020-05-28,12.9,19.84,7.33,6.52,23.09
2020-05-29,9.27,15.26,3.05,8.93,20.65
2020-05-30,11.96,16.84,6.7,0.8,24.04
2020-05-31,14.22,19.33,9.43,0.57,19.98
2020-06-01,12.5,17.95,8.38,5.9,20.53
2020-06-02,11.58,16.09,8.16,4.42,23.05
2020-06-03,12.81,18.33,7.28,4.28,25.38
2020-06-04,14.05,19.71,8.09,0.73,27.57
2020-06-05,17.22,24.19,10.45,0.0,31.76
2020-06-06,19.26,27.28,11.75,0.0,28.97
2020-06-07,19.94,27.6,12.56,0.0,31.38
2020-06-08,20.7,28.46,13.83,0.0,29.73
2020-06-09,21.4,28.92,13.28,8.88,30.72
2020-06-10,21.46,28.17,15.65,2.94,27.35
2020-06-11,18.9,24.04,13.15,1.41,23.25
2020-06-12,15.6,18.99,11.2,0.48,20.99
2020-06-13,14.84,20.11,10.72,0.91,21.51
2020-06-14,14.91,18.86,11.66,0.44,21.62
2020-06-15,18.27,23.63,11.41,1.37,24.37
2020-06-16,20.23,26.84,14.57,0.04,29.59
2020-06-17,20.61,26.83,14.87,0.34,26.7
2020-06-18,17.34,21.65,13.28,2.88,21.6
2020-06-19,15.8,21.2,11.51,0.83,23.92
2020-06-20,16.81,22.43,10.55,1.21,22.33
2020-06-21,19.08,24.82,12.56,2.54,26.29
2020-06-22,20.11,26.31,13.54,3.95,26.87
2020-06-23,18.35,23.82,13.5,7.64,25.77
2020-06-24,18.04,24.69,11.95,0.12,28.75
2020-06-25,18.74,25.5,11.8,0.0,27.96
2020-06-26,19.44,25.65,13.34,0.0,28.6
2020-06-27,19.57,26.5,13.08,0.0,31.44
2020-06-28,20.32,27.74,11.97,0.0,30.62
2020-06-29,21.37,28.78,13.22,0.0,30.14
2020-06-30,20.47,28.27,12.92,0.0,31.73
2020-07-01,20.51,27.69,12.12,0.0,31.14
2020-07-02,21.94,28.53,14.69,0.0,31.12
2020-07-03,23.79,30.51,15.72,0.0,29.45
2020-07-04,25.02,31.79,18.4,0.2,30.53
2020-07-05,23.72,31.53,15.59,0.34,29.89
2020-07-06,24.23,31.76,15.58,0.23,29.89
2020-07-07,25.52,32.98,18.66,0.12,29.7
2020-07-08,21.66,27.51,16.95,0.36,27.59
2020-07-09,21.03,27.72,15.04,0.0,28.25
2020-07-10,20.79,28.09,13.07,0.0,30.31
2020-07-11,21.59,29.5,13.6,0.0,31.34
2020-07-12,22.9,30.65,14.62,0.0,30.72
2020-07-13,21.37,28.62,14.51,0.0,29.54
2020-07-14,22.29,29.22,13.79,0.4,28.79
2020-07-15,24.81,32.22,16.55,0.0,28.05
2020-07-16,23.23,32.18,14.57,0.03,28.25
2020-07-17,21.68,29.02,14.61,0.0,28.9
2020-07-18,24.66,31.77,15.8,0.0,26.92
2020-07-19,27.46,34.65,20.82,0.0,27.83
2020-07-20,25.92,33.99,18.8,0.0,27.37
2020-07-21,21.81,29.23,14.87,0.0,30.17
2020-07-22,21.42,29.02,13.64,0.0,30.15
2020-07-23,21.05,28.85,13.48,0.0,30.6
2020-07-24,21.93,29.75,13.76,0.0,30.21
2020-07-25,22.93,30.67,13.63,0.0,29.95
2020-07-26,26.22,33.27,18.95,0.0,28.15
2020-07-27,25.0,33.21,16.27,0.0,27.12
2020-07-28,23.57,30.22,16.64,0.0,27.35
2020-07-29,23.44,31.65,14.84,0.0,29.07
2020-07-30,23.98,32.62,15.43,0.0,29.63
2020-07-31,24.25,32.97,15.59,0.0,29.62
2020-08-01,24.08,31.98,15.52,0.0,28.91
2020-08-02,22.51,30.05,15.51,1.07,27.32
2020-08-03,22.17,29.19,16.02,0.0,26.12
2020-08-04,23.5,30.66,16.16,0.0,29.18
2020-08-05,23.9,31.8,15.04,0.0,29.24
2020-08-06,25.15,32.94,16.15,0.0,28.81
2020-08-07,27.9,35.02,20.46,0.0,27.66
2020-08-08,27.53,35.44,19.33,0.29,24.47
2020-08-09,24.44,31.24,19.03,3.99,23.39
2020-08-10,20.95,26.0,16.19,1.5,18.8
2020-08-11,21.91,28.85,14.17,0.0,24.66
2020-08-12,22.44,29.38,15.33,0.0,26.43
2020-08-13,21.97,29.15,14.66,0.0,26.29
2020-08-14,20.73,27.83,14.9,0.0,27.17
2020-08-15,19.52,26.9,12.37,0.0,28.25
2020-08-16,20.26,28.34,12.62,0.0,27.62
2020-08-17,19.97,27.74,12.07,0.0,27.01
2020-08-18,21.84,29.53,13.87,0.0,26.91
2020-08-19,24.52,31.96,16.92,0.0,26.0
2020-08-20,23.27,30.78,16.45,0.0,23.8
2020-08-21,19.51,25.99,13.14,0.0,25.31
2020-08-22,19.6,26.95,12.41,0.0,24.7
2020-08-23,20.24,27.89,12.45,0.0,25.77
2020-08-24,21.66,29.01,14.14,0.0,26.07
2020-08-25,24.25,31.1,17.66,0.0,25.74
2020-08-26,22.91,30.77,15.18,1.27,19.11
2020-08-27,21.74,30.5,13.7,0.0,24.25
2020-08-28,22.05,30.75,13.62,0.0,25.73
2020-08-29,24.51,32.52,17.43,0.0,25.86
2020-08-30,25.68,33.3,19.98,0.0,25.22
2020-08-31,24.91,32.78,16.83,0.0,24.21
2020-09-01,26.25,33.87,19.42,0.0,21.82
2020-09-02,26.73,34.51,19.09,0.0,23.37
2020-09-03,27.1,35.52,19.93,0.0,23.33
2020-09-04,26.05,34.84,17.43,0.0,23.34
2020-09-05,19.43,25.77,14.22,0.0,18.73
2020-09-06,18.86,26.76,12.35,0.0,23.43
2020-09-07,21.53,30.5,12.94,0.0,23.42
2020-09-08,22.85,31.08,15.43,0.0,23.16
2020-09-09,19.9,27.0,13.87,0.0,23.09
2020-09-10,19.43,27.05,12.23,0.0,23.3
2020-09-11,22.07,30.87,13.04,0.0,22.03
2020-09-12,21.85,30.98,14.7,1.57,15.75
2020-09-13,21.24,28.23,14.89,0.17,19.84
2020-09-14,21.19,28.16,15.12,0.0,20.77
2020-09-15,20.98,28.0,14.42,0.0,21.73
2020-09-16,20.73,28.45,13.44,0.0,22.18
2020-09-17,23.12,30.92,16.56,0.0,21.63
2020-09-18,22.88,29.64,16.99,0.0,19.39
2020-09-19,19.64,24.64,15.15,1.59,17.57
2020-09-20,18.8,25.12,12.76,3.46,19.05
2020-09-21,17.4,23.44,12.65,0.56,14.06
2020-09-22,18.3,25.49,11.37,0.0,19.88
2020-09-23,20.55,27.2,15.43,0.0,18.8
2020-09-24,19.6,26.55,13.01,0.93,18.99
2020-09-25,18.45,23.23,14.18,2.68,16.55
2020-09-26,19.76,26.85,13.04,0.0,19.16
2020-09-27,20.09,27.48,13.53,0.0,19.33
2020-09-28,21.17,29.0,13.65,0.0,19.62
2020-09-29,21.48,28.11,15.63,0.14,15.31
2020-09-30,16.08,22.17,10.79,0.0,19.85
2020-10-01,14.75,22.22,8.82,0.0,18.86
2020-10-02,15.24,22.25,8.97,0.0,19.85
2020-10-03,16.79,23.88,11.34,0.0,18.82
2020-10-04,18.35,25.24,12.87,0.0,19.14
2020-10-05,20.23,27.49,12.73,0.0,18.2
2020-10-06,23.17,29.01,17.57,0.0,17.61
2020-10-07,21.48,29.08,14.98,0.17,16.25
2020-10-08,19.6,27.64,14.96,0.4,10.86
2020-10-09,18.12,24.16,14.02,8.92,12.34
2020-10-10,15.55,22.36,10.3,0.01,15.53
2020-10-11,16.21,23.63,9.16,0.0,17.22
2020-10-12,17.51,24.33,12.27,0.0,16.42
2020-10-13,16.59,24.46,10.18,0.0,17.32
2020-10-14,15.84,22.38,10.38,0.01,15.5
2020-10-15,16.21,23.24,10.06,0.0,16.93
2020-10-16,16.9,23.9,11.29,0.0,16.92
2020-10-17,17.51,25.36,10.85,0.04,16.21
2020-10-18,17.29,23.62,13.13,3.62,12.59
2020-10-19,13.52,17.1,10.49,14.06,7.4
2020-10-20,13.47,18.25,9.78,1.44,8.51
2020-10-21,12.18,16.67,9.08,5.08,10.26
2020-10-22,12.83,19.33,7.5,0.01,14.97
2020-10-23,14.82,22.21,8.58,0.0,14.71
2020-10-24,17.32,23.96,11.36,0.0,14.23
2020-10-25,17.34,24.31,12.08,0.0,15.07
2020-10-26,16.15,22.74,11.68,0.0,14.29
2020-10-27,16.15,23.07,11.31,0.0,13.61
2020-10-28,13.9,20.11,9.41,0.0,13.5
2020-10-29,12.07,17.51,8.36,2.3,10.0
2020-10-30,11.63,16.07,8.39,11.36,9.36
2020-10-31,8.78,13.54,5.93,0.04,10.53
2020-11-01,7.84,14.41,3.59,0.0,11.96
2020-11-02,6.4,13.71,1.33,0.0,14.28
2020-11-03,7.74,15.35,2.41,0.7,11.94
2020-11-04,5.45,10.16,2.05,1.66,4.71
2020-11-05,7.35,12.27,3.58,0.07,3.9
2020-11-06,7.96,13.09,4.15,0.0,7.72
2020-11-07,5.61,10.81,1.62,0.0,7.89
2020-11-08,4.86,12.69,-0.82,0.0,13.45
2020-11-09,7.6,16.25,2.24,0.0,13.18
2020-11-10,7.17,14.13,2.81,0.0,13.04
2020-11-11,4.64,11.65,0.4,0.14,11.48
2020-11-12,4.51,12.68,-0.77,0.02,13.0
2020-11-13,8.24,15.23,2.44,0.02,12.24
2020-11-14,7.23,11.74,3.52,2.85,7.12
2020-11-15,4.22,8.61,1.21,0.94,8.4
2020-11-16,4.09,11.21,0.03,0.0,11.86
2020-11-17,6.24,13.24,1.7,0.0,11.82
2020-11-18,5.96,12.15,2.82,0.01,10.98
2020-11-19,2.47,5.32,0.56,1.35,3.53
2020-11-20,1.42,6.06,-1.12,3.81,5.16
2020-11-21,1.31,7.73,-1.64,0.0,10.23
2020-11-22,0.57,6.44,-3.0,0.0,9.92
2020-11-23,0.5,7.2,-3.75,0.0,12.22
2020-11-24,3.29,11.43,-0.95,0.0,11.1
2020-11-25,0.6,5.37,-3.75,0.0,8.72
2020-11-26,-1.24,5.35,-4.45,0.0,11.79
2020-11-27,-0.18,6.67,-3.9,0.0,11.85
2020-11-28,3.3,10.79,-1.88,0.0,11.7
2020-11-29,3.64,10.1,0.16,0.0,11.24
2020-11-30,3.99,8.91,1.06,0.23,8.82
2020-12-01,3.05,6.61,1.07,0.03,4.59
2020-12-02,4.37,10.29,0.71,0.0,9.86
2020-12-03,5.23,11.33,1.5,0.01,8.6
2020-12-04,5.45,11.26,2.08,0.06,9.5
2020-12-05,5.75,11.98,2.63,0.02,9.97
2020-12-06,5.11,10.79,1.4,0.0,10.43
2020-12-07,4.58,10.94,-0.25,0.16,8.91
2020-12-08,4.9,8.27,2.05,1.5,4.56
2020-12-09,4.39,10.15,0.66,0.0,10.34
2020-12-10,4.84,11.32,0.06,0.14,9.9
2020-12-11,5.84,9.51,3.8,1.47,7.97
2020-12-12,5.68,9.75,3.11,0.62,4.78
2020-12-13,7.07,10.84,5.44,1.73,4.55
2020-12-14,5.78,10.12,3.87,9.61,3.11
2020-12-15,4.88,8.72,2.88,0.86,5.79
2020-12-16,3.61,6.2,1.66,0.28,4.39
2020-12-17,2.73,9.07,-1.28,0.0,7.51
2020-12-18,0.97,7.6,-2.19,0.0,8.1
2020-12-19,0.37,5.89,-2.68,0.0,8.55
2020-12-20,2.0,9.11,-2.67,0.0,10.12
2020-12-21,1.03,4.37,-1.29,0.0,5.51
2020-12-22,-0.45,4.8,-3.54,0.01,4.11
2020-12-23,-2.01,2.18,-3.71,0.0,8.06
2020-12-24,0.74,6.4,-3.29,0.02,7.78
2020-12-25,2.6,10.11,-1.11,0.0,9.94
2020-12-26,4.76,10.71,1.87,0.01,7.65
2020-12-27,4.47,9.92,1.6,0.0,7.74
2020-12-28,3.77,8.49,0.54,5.46,4.3
2020-12-29,5.31,10.25,3.0,0.03,8.38
2020-12-30,5.19,11.05,0.66,0.0,9.76
2020-12-31,3.65,9.73,0.31,0.16,8.88
2021-01-01,4.07,9.15,0.53,0.15,8.88
2021-01-02,3.82,9.52,1.35,0.14,10.01
2021-01-03,4.63,10.41,1.47,0.0,7.16
2021-01-04,4.32,10.86,-0.06,0.02,8.17
2021-01-05,5.42,9.4,2.54,6.78,2.55
2021-01-06,5.41,10.11,1.81,0.0,7.3
2021-01-07,5.55,11.7,1.94,0.0,8.37
2021-01-08,6.23,11.21,3.94,0.03,8.03
2021-01-09,6.41,10.71,3.69,0.6,5.6
2021-01-10,7.69,13.13,5.16,0.28,5.98
2021-01-11,8.03,12.47,5.84,0.06,4.23
2021-01-12,8.38,13.39,5.63,0.09,7.42
2021-01-13,5.45,8.4,0.36,14.95,3.69
2021-01-14,0.53,3.14,-2.56,0.79,5.1
2021-01-15,-1.15,3.96,-4.45,3.96,2.91
2021-01-16,0.96,7.18,-4.25,2.54,6.75
2021-01-17,-3.23,1.92,-5.95,3.15,8.52
2021-01-18,-5.98,-3.7,-9.28,0.82,6.29
2021-01-19,-7.79,-3.41,-10.56,0.0,9.53
2021-01-20,-7.4,-2.53,-12.68,0.0,11.02
2021-01-21,-2.62,3.62,-7.78,0.0,10.4
2021-01-22,-0.47,5.43,-5.91,0.0,11.63
2021-01-23,1.45,7.08,-2.1,0.01,11.99
2021-01-24,2.01,6.61,0.12,0.1,7.09
2021-01-25,3.13,5.49,0.96,0.28,4.45
2021-01-26,5.37,8.66,2.49,0.5,2.81
2021-01-27,3.26,7.88,-1.93,14.07,3.64
2021-01-28,-2.39,0.44,-4.44,0.87,7.16
2021-01-29,-3.48,1.24,-6.23,0.08,9.51
2021-01-30,0.02,4.02,-4.85,9.03,3.22
2021-01-31,1.78,7.32,-1.68,0.83,10.86
2021-02-01,4.15,9.04,-0.62,0.09,10.42
2021-02-02,6.45,11.77,2.57,0.04,9.7
2021-02-03,7.87,12.79,4.07,0.0,11.19
2021-02-04,7.0,13.6,2.37,0.0,13.79
2021-02-05,5.14,11.0,0.21,0.0,14.31
2021-02-06,6.48,14.81,0.37,0.0,14.38
2021-02-07,7.09,16.06,0.51,0.0,13.97
2021-02-08,5.9,9.51,4.17,0.2,5.11
2021-02-09,7.89,13.17,5.42,0.79,14.04
2021-02-10,5.76,10.2,1.61,0.01,10.81
2021-02-11,5.84,13.84,0.5,0.01,13.98
2021-02-12,4.26,9.66,-1.28,0.63,10.08
2021-02-13,2.61,8.49,-2.94,0.0,15.13
2021-02-14,4.53,10.74,-0.53,0.11,11.19
2021-02-15,-0.03,4.06,-7.38,7.76,4.13
2021-02-16,-7.05,-5.31,-8.63,4.93,4.47
2021-02-17,-7.43,-4.24,-9.82,0.68,7.59
2021-02-18,-5.51,0.07,-11.05,0.01,11.11
2021-02-19,-3.87,0.2,-7.17,0.2,9.15
2021-02-20,-4.57,0.79,-9.31,0.0,12.52
2021-02-21,-3.62,3.05,-9.1,0.0,14.41
2021-02-22,-1.63,5.66,-6.93,0.0,15.58
2021-02-23,1.74,8.25,-3.27,0.0,15.71
2021-02-24,3.17,10.26,-2.64,0.0,16.63
2021-02-25,0.22,6.32,-2.84,0.0,11.57
2021-02-26,1.82,8.52,-3.06,0.0,18.16
2021-02-27,4.54,11.02,0.31,0.0,18.45
2021-02-28,2.53,8.45,-4.1,0.0,14.6
2021-03-01,-1.19,4.74,-4.67,0.0,18.7
2021-03-02,-1.02,4.06,-4.92,0.41,11.19
2021-03-03,0.34,7.61,-3.75,0.11,17.77
2021-03-04,1.24,8.12,-3.48,0.0,19.84
2021-03-05,5.02,13.88,-1.54,0.0,20.53
2021-03-06,4.58,10.16,-0.17,0.15,10.84
2021-03-07,2.62,7.47,-4.06,1.08,8.52
2021-03-08,1.59,8.82,-4.11,0.0,20.6
2021-03-09,3.73,9.6,-0.9,0.11,18.11
2021-03-10,6.65,13.55,1.26,0.0,11.98
2021-03-11,3.51,10.29,-4.38,4.79,7.83
2021-03-12,-1.31,4.78,-5.84,0.0,19.19
2021-03-13,6.07,14.78,-2.38,0.0,20.94
2021-03-14,7.32,12.7,3.14,0.03,6.8
2021-03-15,6.79,12.68,2.32,1.01,14.41
2021-03-16,3.89,6.34,1.51,6.17,14.79
2021-03-17,1.73,4.8,-1.72,5.36,12.51
2021-03-18,1.2,5.82,-2.41,0.7,14.05
2021-03-19,3.2,9.1,-3.04,0.32,15.98
2021-03-20,5.97,11.15,1.48,0.86,9.5
2021-03-21,8.43,16.74,2.84,0.06,19.87
2021-03-22,10.24,16.38,3.79,0.63,17.83
2021-03-23,3.87,7.5,-2.4,20.73,5.2
2021-03-24,-2.43,0.91,-4.18,5.21,6.19
2021-03-25,-3.59,-0.59,-5.88,0.59,11.04
2021-03-26,-3.78,0.26,-7.52,0.24,14.67
2021-03-27,-1.11,4.23,-6.29,0.0,14.95
2021-03-28,2.78,8.71,-2.26,0.0,23.29
2021-03-29,4.66,11.38,-0.66,0.34,23.4
2021-03-30,1.21,4.89,-1.94,5.21,15.27
2021-03-31,2.47,6.55,-1.05,4.47,7.77
2021-04-01,2.93,6.66,-0.47,2.64,10.93
2021-04-02,3.78,9.12,-0.68,1.63,12.2
2021-04-03,6.47,14.29,-1.41,0.18,22.76
2021-04-04,7.65,13.88,2.22,2.7,16.9
2021-04-05,10.05,17.37,5.32,0.74,15.7
2021-04-06,10.29,17.25,3.6,0.15,14.0
2021-04-07,11.34,18.66,4.32,0.0,25.66
2021-04-08,9.01,15.77,3.41,1.06,20.84
2021-04-09,0.37,5.38,-3.48,1.61,10.81
2021-04-10,-1.28,3.26,-4.31,0.83,14.85
2021-04-11,-0.13,4.93,-4.87,0.08,12.4
2021-04-12,2.09,7.64,-2.9,1.02,11.78
2021-04-13,6.61,13.63,-0.51,0.0,21.03
2021-04-14,9.54,15.65,3.84,0.02,20.46
2021-04-15,10.64,17.51,3.7,0.0,22.69
2021-04-16,11.75,18.38,4.78,0.0,16.77
2021-04-17,13.54,20.29,7.51,0.23,15.72
2021-04-18,14.72,22.41,9.36,2.76,11.25
2021-04-19,12.91,19.35,7.66,0.85,12.32
2021-04-20,10.88,17.51,4.05,0.02,27.73
2021-04-21,8.65,16.52,1.89,0.0,24.51
2021-04-22,9.14,16.64,1.31,0.0,27.81
2021-04-23,12.85,21.34,4.43,0.0,26.77
2021-04-24,12.88,19.42,6.63,0.14,18.75
2021-04-25,11.86,16.48,8.15,5.43,13.73
2021-04-26,8.47,13.88,3.07,1.71,16.21
2021-04-27,12.92,21.92,2.72,0.0,28.16
2021-04-28,15.74,21.72,9.86,0.0,17.53
2021-04-29,18.28,25.12,11.17,0.0,21.68
2021-04-30,17.48,24.26,10.98,0.03,27.26
2021-05-01,18.64,24.86,12.62,0.0,25.71
2021-05-02,20.38,28.09,13.42,0.0,24.01
2021-05-03,20.76,29.32,13.17,0.0,25.02
2021-05-04,16.51,22.34,11.73,0.0,18.92
2021-05-05,16.71,23.93,9.81,0.0,23.33
2021-05-06,15.41,20.19,10.66,0.02,16.18
2021-05-07,16.62,23.81,8.11,0.0,29.9
2021-05-08,18.64,25.83,13.15,0.08,17.67
2021-05-09,11.85,17.74,4.67,0.0,25.96
2021-05-10,9.79,17.93,1.99,0.0,30.94
2021-05-11,13.89,22.15,5.94,0.0,31.17
2021-05-12,17.16,25.64,8.56,0.0,29.29
2021-05-13,17.74,25.71,10.0,0.0,30.08
2021-05-14,18.02,26.37,10.28,0.0,30.61
2021-05-15,18.47,26.91,10.36,0.0,30.23
2021-05-16,16.48,21.62,11.07,0.34,22.35
2021-05-17,14.94,22.36,7.83,0.0,26.8
2021-05-18,18.04,26.01,9.69,0.0,29.67
2021-05-19,17.67,26.17,9.27,0.0,31.24
2021-05-20,19.76,28.48,11.33,0.0,30.98
2021-05-21,16.32,24.16,8.34,0.04,25.43
2021-05-22,11.14,16.57,6.93,0.23,14.53
2021-05-23,12.96,21.26,4.1,0.0,31.34
2021-05-24,16.06,24.39,7.4,0.0,30.78
2021-05-25,18.38,26.37,9.53,0.0,30.94
2021-05-26,21.03,29.05,12.08,0.0,30.7
2021-05-27,20.22,26.39,12.97,7.21,15.25
2021-05-28,19.57,26.91,12.37,0.1,26.52
2021-05-29,15.56,20.74,10.54,0.16,20.75
2021-05-30,17.7,26.36,9.33,1.42,29.39
2021-05-31,16.32,20.95,11.97,1.54,18.34
2021-06-01,12.58,16.37,8.99,2.91,17.5
2021-06-02,12.01,17.94,6.05,0.47,25.9
2021-06-03,13.16,20.82,6.46,0.0,28.66
2021-06-04,12.9,19.52,6.89,0.0,22.48
2021-06-05,11.93,18.41,5.35,0.0,23.61
2021-06-06,14.34,22.54,5.38,0.0,32.44
2021-06-07,17.54,25.14,8.65,0.0,29.99
2021-06-08,18.68,23.4,14.06,5.92,20.55
2021-06-09,17.9,22.25,13.76,8.05,23.28
2021-06-10,15.65,17.69,12.5,5.45,17.61
2021-06-11,16.75,21.68,11.27,4.82,22.7
2021-06-12,17.5,22.66,12.78,0.59,25.57
2021-06-13,18.56,24.64,12.59,0.98,26.11
2021-06-14,15.2,19.13,11.47,21.77,16.78
2021-06-15,14.22,20.12,8.66,1.22,20.06
2021-06-16,12.81,16.73,10.52,4.22,13.87
2021-06-17,15.94,22.37,8.81,0.11,18.53
2021-06-18,18.58,25.1,11.66,0.04,28.77
2021-06-19,19.45,25.38,13.06,2.06,24.93
2021-06-20,20.63,28.36,12.84,4.16,26.0
2021-06-21,17.74,21.56,14.46,11.92,23.23
2021-06-22,17.7,21.71,14.04,4.08,19.84
2021-06-23,19.19,25.32,12.89,0.92,27.83
2021-06-24,18.64,24.43,13.38,1.12,23.0
2021-06-25,19.39,26.16,12.12,0.06,29.5
2021-06-26,20.49,27.1,14.1,0.03,24.85
2021-06-27,21.29,27.73,13.76,0.0,28.46
2021-06-28,21.6,28.56,14.34,0.02,28.94
2021-06-29,21.22,28.2,13.9,0.0,30.54
2021-06-30,22.2,29.32,13.72,0.0,31.6
2021-07-01,24.96,31.89,16.85,0.0,31.75
2021-07-02,26.18,34.03,18.57,0.01,29.12
2021-07-03,19.9,24.5,15.2,15.35,19.44
2021-07-04,18.1,23.87,12.64,0.0,26.42
2021-07-05,18.87,24.68,12.24,0.02,27.41
2021-07-06,19.39,25.34,14.0,0.71,24.66
2021-07-07,20.04,26.38,14.07,0.07,18.83
2021-07-08,21.07,27.62,14.99,0.0,22.45
2021-07-09,20.99,26.87,15.74,0.0,26.02
2021-07-10,20.63,27.22,14.03,0.0,29.2
2021-07-11,20.96,28.14,12.87,0.0,29.83
2021-07-12,23.01,31.0,13.77,0.0,27.29
2021-07-13,23.55,31.08,16.44,0.0,29.12
2021-07-14,21.97,29.24,14.71,0.0,30.21
2021-07-15,22.18,29.82,14.35,0.0,30.77
2021-07-16,22.83,30.38,14.22,0.0,30.43
2021-07-17,26.43,33.22,19.91,0.0,30.54
2021-07-18,26.89,34.8,20.0,0.0,28.5
2021-07-19,25.56,33.82,17.84,0.0,30.24
2021-07-20,25.41,33.85,16.61,0.0,29.76
2021-07-21,24.42,31.78,17.32,0.0,27.52
2021-07-22,21.84,28.4,15.87,0.0,26.5
2021-07-23,19.8,26.76,13.63,0.0,28.32
2021-07-24,20.45,27.27,13.28,0.32,27.85
2021-07-25,19.83,25.72,14.55,2.77,23.38
2021-07-26,21.1,28.15,14.04,0.0,27.61
2021-07-27,21.63,28.63,14.47,0.0,28.03
2021-07-28,21.69,29.43,14.3,0.0,29.75
2021-07-29,20.93,28.9,13.09,0.0,29.11
2021-07-30,22.22,30.41,14.01,0.0,29.23
2021-07-31,23.16,30.64,15.3,0.0,29.29
2021-08-01,23.58,31.17,16.52,0.0,29.16
2021-08-02,22.69,30.56,14.62,0.0,29.46
2021-08-03,24.05,32.65,15.11,0.0,29.41
2021-08-04,24.75,33.02,15.96,0.0,28.61
2021-08-05,25.02,32.9,16.96,0.0,27.97
2021-08-06,27.25,34.67,19.69,0.0,27.18
2021-08-07,21.12,25.09,16.41,1.61,16.65
2021-08-08,20.28,26.44,14.28,0.1,18.75
2021-08-09,21.1,28.26,15.19,0.0,25.8
2021-08-10,20.43,28.14,12.95,0.0,26.33
2021-08-11,20.21,27.25,13.15,0.03,23.28
2021-08-12,19.86,26.46,12.49,0.04,26.4
2021-08-13,20.03,26.72,14.46,0.0,23.16
2021-08-14,18.94,26.22,12.76,0.0,26.23
2021-08-15,18.87,26.37,11.91,0.0,27.38
2021-08-16,20.0,28.14,11.12,0.0,28.13
2021-08-17,23.81,30.61,16.83,0.0,27.84
2021-08-18,24.26,31.74,17.43,0.0,26.72
2021-08-19,21.85,30.39,14.71,0.0,26.92
2021-08-20,21.16,29.17,13.98,0.0,26.51
2021-08-21,21.63,30.3,13.25,0.0,26.56
2021-08-22,22.29,30.21,14.15,0.0,25.37
2021-08-23,21.51,28.98,14.25,0.0,25.42
2021-08-24,21.96,29.41,14.14,0.0,25.9
2021-08-25,24.61,32.11,17.46,0.0,24.37
2021-08-26,24.37,32.14,16.88,0.0,23.83
2021-08-27,25.8,33.48,18.01,0.0,24.4
2021-08-28,25.83,34.7,17.51,0.0,24.35
2021-08-29,24.72,32.63,17.03,0.0,24.57
2021-08-30,24.05,31.63,16.51,0.0,22.1
2021-08-31,24.02,30.27,16.75,0.03,21.97
2021-09-01,24.08,31.01,17.51,0.08,19.08
2021-09-02,18.97,24.69,14.15,0.0,23.27
2021-09-03,16.17,22.64,10.55,0.0,24.79
2021-09-04,17.91,25.44,10.28,0.0,24.72
2021-09-05,20.08,27.24,12.69,0.91,23.07
2021-09-06,17.95,24.53,11.31,1.19,20.54
2021-09-07,16.41,24.03,10.04,0.73,23.19
2021-09-08,18.03,26.64,9.69,0.0,23.07
2021-09-09,20.6,28.26,12.26,1.83,22.3
2021-09-10,18.17,23.93,12.88,3.08,17.8
2021-09-11,16.27,23.05,11.63,0.64,22.09
2021-09-12,17.7,25.61,9.3,0.0,22.29
2021-09-13,19.93,25.13,14.89,0.42,16.22
2021-09-14,16.63,22.64,12.29,11.0,13.37
2021-09-15,14.55,18.33,11.63,5.07,10.89
2021-09-16,13.26,18.09,10.19,1.2,8.18
2021-09-17,14.04,20.32,8.67,0.0,20.15
2021-09-18,17.84,25.93,10.34,0.0,21.26
2021-09-19,19.06,25.53,12.83,0.48,19.35
2021-09-20,19.96,27.39,13.31,0.0,20.52
2021-09-21,19.36,26.21,13.83,0.01,19.93
2021-09-22,14.84,20.69,9.48,0.05,17.2
2021-09-23,9.84,14.96,6.06,0.9,8.43
2021-09-24,9.61,15.37,4.49,0.0,20.88
2021-09-25,13.27,20.49,7.16,0.0,19.94
2021-09-26,13.89,22.17,7.3,0.0,20.84
2021-09-27,15.76,22.73,9.81,0.0,20.22
2021-09-28,14.15,22.63,7.26,0.0,20.23
2021-09-29,12.8,20.9,7.61,0.17,16.55
2021-09-30,11.64,17.4,7.03,0.0,10.98
2021-10-01,10.29,17.97,4.5,0.0,20.59
2021-10-02,10.77,18.69,3.95,0.0,18.52
2021-10-03,10.53,18.27,4.8,0.0,19.79
2021-10-04,9.78,17.15,3.72,0.0,19.83
2021-10-05,9.03,16.36,4.03,0.0,18.45
2021-10-06,8.77,16.19,3.56,0.0,19.62
2021-10-07,10.78,18.94,4.02,0.0,19.32
2021-10-08,13.57,22.26,6.82,0.0,18.9
2021-10-09,15.6,23.36,9.42,0.0,17.9
2021-10-10,15.79,24.81,8.49,0.0,17.64
2021-10-11,16.09,23.61,9.84,0.0,17.6
2021-10-12,15.99,22.69,10.82,2.8,15.34
2021-10-13,12.83,18.5,7.27,0.18,15.93
2021-10-14,14.3,19.9,9.42,0.0,14.89
2021-10-15,13.87,20.45,9.08,0.0,12.83
2021-10-16,13.47,18.69,9.04,2.77,13.18
2021-10-17,11.3,15.93,7.68,1.97,9.18
2021-10-18,9.91,15.04,6.84,0.07,9.5
2021-10-19,9.03,15.12,4.99,0.0,12.02
2021-10-20,8.36,15.15,3.8,0.0,15.69
2021-10-21,9.61,17.04,3.07,0.0,15.58
2021-10-22,12.55,19.48,6.52,0.0,16.38
2021-10-23,13.04,20.55,6.69,0.0,16.24
2021-10-24,10.16,17.98,4.45,0.01,15.29
2021-10-25,6.57,11.95,1.46,0.07,8.62
2021-10-26,3.93,12.4,-2.96,0.0,16.08
2021-10-27,7.89,15.98,1.73,0.02,14.28
2021-10-28,7.6,14.87,2.21,0.02,14.54
2021-10-29,6.1,13.57,1.6,0.0,14.3
2021-10-30,8.22,16.37,1.39,0.02,13.45
2021-10-31,10.07,14.57,7.13,0.99,8.58
2021-11-01,10.27,14.49,7.83,5.57,3.63
2021-11-02,11.38,18.18,7.35,0.82,13.09
2021-11-03,12.24,17.66,8.19,1.47,11.44
2021-11-04,11.79,18.85,7.13,0.0,13.75
2021-11-05,10.89,17.65,6.88,0.0,13.53
2021-11-06,9.97,17.29,5.09,0.0,14.13
2021-11-07,10.07,17.35,4.6,0.0,12.32
2021-11-08,12.51,20.52,6.29,0.0,13.0
2021-11-09,12.43,20.28,7.18,0.0,13.42
2021-11-10,4.79,9.49,-1.03,0.11,12.1
2021-11-11,0.21,6.95,-3.86,0.0,13.86
2021-11-12,1.74,11.49,-4.72,0.0,13.84
2021-11-13,6.81,14.99,0.27,0.0,12.24
2021-11-14,9.71,16.98,4.66,0.0,11.77
2021-11-15,8.95,16.32,3.58,0.0,11.72
2021-11-16,4.98,12.09,0.3,0.0,12.22
2021-11-17,7.74,15.98,0.53,0.0,11.7
2021-11-18,8.98,15.13,4.35,0.0,10.82
2021-11-19,3.93,5.87,2.37,0.06,4.46
2021-11-20,1.75,6.6,-1.54,0.0,5.83
2021-11-21,2.77,10.25,-2.31,0.0,11.94
2021-11-22,5.42,13.18,-0.03,0.01,11.48
2021-11-23,6.95,12.07,3.2,0.29,6.41
2021-11-24,5.0,7.24,1.81,11.76,2.25
2021-11-25,3.54,8.91,0.73,0.1,5.44
2021-11-26,6.87,12.94,2.1,0.05,9.9
2021-11-27,10.32,13.67,7.84,4.26,2.91
2021-11-28,11.03,15.47,8.18,0.26,7.5
2021-11-29,10.95,15.33,7.78,8.4,7.77
2021-11-30,10.0,13.27,4.1,9.26,7.87
2021-12-01,1.48,5.57,-3.16,0.94,9.33
2021-12-02,1.37,9.1,-3.36,0.0,11.15
2021-12-03,3.18,10.28,-1.85,0.11,9.98
2021-12-04,5.29,9.01,2.68,2.41,4.05
2021-12-05,6.26,12.12,2.78,3.41,8.84
2021-12-06,6.93,12.23,2.54,0.48,7.89
2021-12-07,8.06,10.92,5.25,19.06,4.51
2021-12-08,3.01,5.16,0.88,1.77,6.86
2021-12-09,2.69,8.91,-1.09,0.01,10.07
2021-12-10,3.83,9.95,-0.72,0.12,7.43
2021-12-11,5.89,11.55,2.51,0.94,5.44
2021-12-12,5.33,11.85,1.96,0.75,9.95
2021-12-13,6.11,11.73,1.37,2.0,7.71
2021-12-14,5.54,8.4,1.31,7.19,2.42
2021-12-15,1.08,3.01,-1.34,6.53,3.63
2021-12-16,-0.66,2.02,-2.42,2.68,3.97
2021-12-17,-1.51,2.54,-3.64,0.97,2.92
2021-12-18,-2.59,-0.09,-3.8,5.01,3.75
2021-12-19,-3.11,-1.39,-4.24,16.88,2.4
2021-12-20,-3.72,0.87,-8.88,0.06,6.35
2021-12-21,-6.42,-0.91,-10.2,1.48,4.58
2021-12-22,-9.15,-4.4,-11.99,0.0,9.26
2021-12-23,-9.41,-4.91,-12.39,0.0,9.19
2021-12-24,-9.05,-0.32,-15.72,0.0,10.4
2021-12-25,-4.96,2.1,-10.56,0.0,10.29
2021-12-26,-0.87,3.52,-5.2,0.03,8.84
2021-12-27,0.87,5.32,-1.26,0.03,9.15
2021-12-28,1.71,6.3,-0.62,0.02,9.46
2021-12-29,2.1,5.35,0.7,0.66,8.99
2021-12-30,2.05,6.95,-0.97,2.48,7.38
2021-12-31,1.93,7.73,-1.68,0.16,9.61
2022-01-01,2.77,8.51,0.13,0.75,6.78
2022-01-02,1.92,6.08,-1.4,0.55,6.35
2022-01-03,1.61,9.34,-3.7,0.0,10.86
2022-01-04,2.28,7.34,-1.5,0.0,9.91
2022-01-05,3.23,9.03,-0.87,0.01,10.2
2022-01-06,5.32,10.7,1.81,0.05,9.54
2022-01-07,5.73,9.92,3.53,0.21,7.53
2022-01-08,4.81,9.7,2.51,4.5,4.46
2022-01-09,4.07,8.72,1.32,4.61,9.94
2022-01-10,3.1,6.85,0.76,0.51,8.02
2022-01-11,3.61,7.44,1.5,3.83,3.8
2022-01-12,0.78,3.34,-3.84,7.96,3.82
2022-01-13,-4.28,-1.43,-9.03,0.5,3.93
2022-01-14,-5.29,-1.16,-9.06,0.0,10.54
2022-01-15,-3.45,0.94,-6.81,0.14,6.4
2022-01-16,-5.51,-2.45,-8.17,0.0,8.29
2022-01-17,-4.41,1.94,-9.71,0.0,12.1
2022-01-18,-3.86,0.53,-8.61,1.8,2.96
2022-01-19,-8.0,-4.92,-10.41,0.07,6.73
2022-01-20,-6.93,0.57,-12.71,0.0,11.65
2022-01-21,-2.19,3.95,-8.65,0.57,8.29
2022-01-22,-0.06,2.24,-6.27,10.71,2.38
2022-01-23,-7.32,-6.01,-9.41,2.49,4.07
2022-01-24,-9.97,-5.27,-13.58,0.13,7.46
2022-01-25,-8.67,-6.63,-10.95,5.19,3.78
2022-01-26,-8.69,-5.09,-11.93,0.59,7.57
2022-01-27,-9.76,-4.33,-14.1,0.11,7.48
2022-01-28,-9.24,-3.8,-13.44,0.01,9.9
2022-01-29,-6.76,-0.86,-11.82,0.0,7.29
2022-01-30,-1.73,2.58,-6.23,0.55,8.83
2022-01-31,-3.2,-0.28,-9.05,11.43,4.34
2022-02-01,-3.09,1.79,-9.89,0.09,4.88
2022-02-02,2.36,4.08,0.48,2.97,9.7
2022-02-03,2.0,5.63,-2.38,20.04,3.67
2022-02-04,-4.17,-0.8,-9.4,1.07,4.2
2022-02-05,-3.88,2.42,-8.87,0.0,13.52
2022-02-06,-1.38,3.22,-4.24,0.0,13.84
2022-02-07,-0.4,5.55,-6.67,0.28,13.07
2022-02-08,3.61,7.21,-0.8,10.69,11.37
2022-02-09,-2.65,-0.57,-5.88,10.25,2.99
2022-02-10,-4.6,0.06,-7.78,0.18,7.74
2022-02-11,-1.89,4.86,-7.22,0.0,14.35
2022-02-12,3.07,10.49,-2.05,0.0,13.62
2022-02-13,0.81,7.05,-3.35,0.0,13.18
2022-02-14,-0.43,4.65,-2.95,0.0,10.36
2022-02-15,-0.44,4.57,-3.55,0.0,11.23
2022-02-16,0.18,5.29,-2.78,0.0,15.58
2022-02-17,2.12,8.08,-2.24,0.0,14.69
2022-02-18,1.69,7.44,-2.58,6.48,12.04
2022-02-19,0.04,4.51,-3.05,0.28,13.25
2022-02-20,3.65,11.25,-1.48,0.0,15.66
2022-02-21,5.27,10.7,2.26,0.02,15.13
2022-02-22,5.19,10.21,2.36,0.73,11.06
2022-02-23,5.45,10.24,0.85,2.92,11.49
2022-02-24,2.12,7.2,-1.5,9.23,4.38
2022-02-25,0.79,5.19,-2.69,3.35,5.77
2022-02-26,1.56,8.28,-3.23,0.02,12.61
2022-02-27,3.93,9.59,0.86,0.16,16.0
2022-02-28,3.89,8.82,0.53,3.29,7.89
2022-03-01,1.69,5.6,-0.91,3.58,8.31
2022-03-02,-0.18,1.39,-1.78,22.56,4.83
2022-03-03,-4.53,-1.26,-9.46,4.59,4.69
2022-03-04,-5.69,-0.04,-10.02,0.09,7.32
2022-03-05,-1.44,3.97,-7.47,0.29,9.43
2022-03-06,2.33,7.17,-0.56,0.24,12.13
2022-03-07,3.02,8.23,-0.87,2.38,11.87
2022-03-08,2.55,7.65,-1.68,0.99,14.21
2022-03-09,0.1,4.24,-3.35,2.15,8.34
2022-03-10,-4.36,-1.75,-5.69,5.79,6.54
2022-03-11,-6.23,-3.85,-9.68,1.72,9.99
2022-03-12,-7.87,-4.15,-10.87,0.87,9.63
2022-03-13,-8.42,-4.08,-13.47,0.05,15.94
2022-03-14,-6.4,-1.66,-10.82,0.0,13.99
2022-03-15,-5.42,-1.21,-8.7,0.01,14.91
2022-03-16,-1.24,4.95,-7.48,0.0,15.28
2022-03-17,0.33,4.37,-3.85,0.5,13.31
2022-03-18,-4.9,-1.57,-7.95,0.0,14.48
2022-03-19,-6.82,-3.01,-9.99,0.0,13.99
2022-03-20,-4.61,-0.3,-8.85,0.07,15.58
2022-03-21,-3.57,0.6,-6.79,0.19,15.7
2022-03-22,-3.5,-0.73,-5.82,0.47,12.24
2022-03-23,-2.24,2.65,-6.54,0.02,13.87
2022-03-24,-1.74,1.18,-4.33,0.33,12.65
2022-03-25,0.68,7.85,-6.57,0.0,18.69
2022-03-26,0.27,3.85,-2.06,0.07,14.97
2022-03-27,2.73,10.01,-3.08,0.0,22.05
2022-03-28,6.32,12.78,1.3,0.0,22.74
2022-03-29,4.26,8.02,0.75,0.82,11.18
2022-03-30,6.42,13.41,0.28,0.0,21.25
2022-03-31,7.77,15.98,1.39,0.0,13.12
2022-04-01,9.3,18.09,2.71,0.0,18.58
2022-04-02,10.66,18.06,4.19,0.0,21.92
2022-04-03,8.84,15.5,2.54,0.0,19.75
2022-04-04,9.02,16.13,2.61,0.0,21.47
2022-04-05,10.52,18.46,4.94,0.03,14.92
2022-04-06,10.97,17.24,4.19,0.0,22.64
2022-04-07,9.35,16.63,4.32,1.57,7.73
2022-04-08,8.77,13.41,4.35,2.32,14.46
2022-04-09,11.7,20.11,2.79,0.0,25.88
2022-04-10,11.35,18.65,4.08,0.01,25.67
2022-04-11,5.08,9.85,-0.43,7.31,11.45
2022-04-12,1.69,6.54,-1.83,0.01,18.77
2022-04-13,1.88,7.96,-3.3,0.0,22.74
2022-04-14,5.02,11.65,-1.42,0.0,27.33
2022-04-15,8.27,15.21,0.49,0.0,26.65
2022-04-16,12.72,18.6,4.43,0.0,22.92
2022-04-17,12.01,17.23,8.03,0.04,7.31
2022-04-18,13.61,19.2,9.23,0.34,23.86
2022-04-19,8.78,12.78,4.62,2.92,12.6
2022-04-20,8.18,14.41,2.66,0.26,22.43
2022-04-21,9.8,16.66,3.27,0.0,25.61
2022-04-22,12.33,20.4,5.42,0.0,25.98
2022-04-23,15.58,23.51,7.76,0.0,19.77
2022-04-24,17.27,24.25,11.21,0.0,27.28
2022-04-25,16.49,23.93,10.55,0.0,28.34
2022-04-26,16.32,22.95,9.25,0.0,24.97
2022-04-27,16.38,23.23,9.46,1.38,25.18
2022-04-28,16.6,22.86,10.23,0.01,25.11
2022-04-29,17.79,24.15,11.26,0.13,23.89
2022-04-30,13.55,17.86,8.43,1.36,15.42
2022-05-01,10.95,16.0,7.72,0.08,15.25
2022-05-02,11.48,18.3,4.76,4.34,14.14
2022-05-03,13.79,19.17,9.12,6.37,20.09
2022-05-04,9.9,12.86,5.09,1.3,8.48
2022-05-05,6.92,12.04,3.18,0.03,15.86
2022-05-06,7.64,12.62,3.45,0.05,17.93
2022-05-07,7.95,13.2,3.58,0.0,16.06
2022-05-08,10.5,17.31,2.38,0.0,28.03
2022-05-09,12.65,19.19,5.76,0.04,27.85
2022-05-10,12.39,19.34,4.02,0.58,27.99
2022-05-11,12.58,16.93,6.79,1.78,18.05
2022-05-12,11.89,19.1,4.2,0.01,29.17
2022-05-13,15.57,22.3,9.15,0.05,29.5
2022-05-14,16.01,22.91,8.68,0.09,28.22
2022-05-15,13.24,17.56,7.53,3.62,15.14
2022-05-16,14.95,21.14,7.72,1.87,24.88
2022-05-17,15.41,20.38,11.16,1.72,25.0
2022-05-18,17.03,23.96,9.73,1.34,28.1
2022-05-19,8.13,11.43,3.77,1.34,8.61
2022-05-20,10.1,17.72,2.5,0.0,30.07
2022-05-21,14.73,22.8,5.77,0.02,31.0
2022-05-22,16.71,23.68,9.82,0.98,27.55
2022-05-23,14.89,22.01,8.76,0.22,21.24
2022-05-24,15.28,22.09,8.65,0.0,29.06
2022-05-25,17.06,23.4,10.79,0.04,21.87
2022-05-26,19.46,26.63,11.61,0.44,28.49
2022-05-27,18.35,24.13,11.82,0.05,27.84
2022-05-28,19.35,25.65,11.22,0.21,28.71
2022-05-29,22.22,29.06,16.63,0.62,28.43
2022-05-30,21.86,29.08,15.05,0.02,29.4
2022-05-31,21.9,29.25,15.47,0.04,30.27
2022-06-01,19.6,26.56,12.94,1.9,24.96
2022-06-02,20.58,28.75,12.77,3.62,29.1
2022-06-03,19.99,28.06,13.27,2.77,23.36
2022-06-04,19.45,25.96,13.1,2.39,28.79
2022-06-05,19.43,25.48,14.16,1.95,25.52
2022-06-06,19.51,24.56,13.68,3.76,25.82
2022-06-07,18.29,23.39,12.16,2.54,21.88
2022-06-08,19.15,24.58,13.33,0.78,24.05
2022-06-09,19.64,26.08,12.43,0.21,29.72
2022-06-10,21.02,26.76,14.44,0.19,25.63
2022-06-11,20.26,27.15,13.57,1.85,24.68
2022-06-12,15.37,19.59,12.39,5.37,16.42
2022-06-13,15.95,21.03,11.76,5.26,18.77
2022-06-14,16.51,20.68,12.72,5.33,21.27
2022-06-15,17.81,23.09,11.99,7.13,25.12
2022-06-16,18.31,24.7,11.31,3.5,27.7
2022-06-17,19.63,26.07,12.57,0.49,27.87
2022-06-18,20.37,27.67,12.68,6.24,29.38
2022-06-19,19.68,26.26,13.57,1.78,27.44
2022-06-20,21.48,28.96,12.81,1.59,29.42
2022-06-21,17.18,21.81,12.35,12.31,20.86
2022-06-22,18.6,25.81,10.76,0.01,28.73
2022-06-23,19.65,25.62,13.56,0.82,27.57
2022-06-24,16.93,21.68,11.69,1.66,23.15
2022-06-25,16.29,22.59,10.87,0.0,23.33
2022-06-26,16.55,22.93,10.07,0.0,27.21
2022-06-27,16.22,22.48,9.86,0.19,22.32
2022-06-28,17.06,22.74,12.14,0.64,17.84
2022-06-29,17.23,23.03,11.63,0.19,18.16
2022-06-30,18.36,24.5,11.49,1.06,22.8
2022-07-01,18.89,24.08,13.5,0.24,23.57
2022-07-02,20.13,26.99,13.32,0.0,30.62
2022-07-03,18.65,26.65,11.65,0.0,32.61
2022-07-04,17.63,26.47,8.92,0.0,32.82
2022-07-05,18.65,27.13,9.83,0.0,32.06
2022-07-06,20.33,28.06,11.36,0.0,31.4
2022-07-07,21.63,29.19,13.51,0.01,28.21
2022-07-08,21.92,29.1,14.54,1.48,26.14
2022-07-09,22.36,29.45,15.07,0.37,27.0
2022-07-10,18.33,23.07,12.53,2.36,19.9
2022-07-11,18.14,25.29,11.29,0.0,27.85
2022-07-12,19.89,27.33,11.53,0.0,28.85
2022-07-13,20.58,28.19,13.16,0.0,28.15
2022-07-14,20.32,27.26,14.32,0.0,29.03
2022-07-15,19.49,26.46,12.17,0.0,30.73
2022-07-16,19.97,27.69,11.53,0.0,29.54
2022-07-17,20.74,27.13,13.46,0.0,27.81
2022-07-18,20.53,25.85,15.73,0.0,22.71
2022-07-19,19.84,25.83,14.41,0.0,22.02
2022-07-20,19.14,25.77,12.33,0.0,30.22
2022-07-21,18.68,25.69,11.38,0.0,30.43
2022-07-22,19.63,27.46,11.61,0.0,30.47
2022-07-23,19.51,27.31,11.35,0.0,30.56
2022-07-24,19.09,26.89,11.23,0.0,30.82
2022-07-25,20.17,28.01,11.99,0.0,30.15
2022-07-26,21.19,28.77,12.48,0.0,29.19
2022-07-27,22.51,30.92,13.17,0.0,29.91
2022-07-28,25.01,33.15,17.3,0.0,29.73
2022-07-29,25.16,33.35,16.96,0.0,29.03
2022-07-30,24.48,32.81,16.17,0.0,27.9
2022-07-31,25.16,33.74,16.6,0.0,28.25
2022-08-01,24.12,32.59,16.67,0.0,26.71
2022-08-02,23.99,31.91,16.94,0.0,26.18
2022-08-03,25.0,32.51,17.01,0.01,25.29
2022-08-04,26.58,33.78,17.76,0.07,24.28
2022-08-05,27.04,34.09,20.66,0.15,26.09
2022-08-06,26.42,33.93,19.08,0.85,24.37
2022-08-07,23.54,28.97,19.46,3.0,22.84
2022-08-08,23.03,29.5,16.67,1.26,25.21
2022-08-09,23.09,29.41,15.91,3.28,24.05
2022-08-10,22.4,28.11,16.77,0.88,21.65
2022-08-11,21.21,26.62,16.21,0.04,25.34
2022-08-12,22.17,28.78,15.43,0.03,26.14
2022-08-13,24.96,31.87,17.34,0.71,24.65
2022-08-14,24.56,31.61,17.07,1.8,24.46
2022-08-15,22.54,28.54,17.33,1.28,22.27
2022-08-16,23.02,30.43,15.85,0.0,26.32
2022-08-17,23.71,31.39,15.51,0.0,25.07
2022-08-18,23.18,30.64,15.79,0.0,25.06
2022-08-19,22.69,29.94,15.69,0.0,25.18
2022-08-20,22.86,30.34,15.78,0.0,25.32
2022-08-21,25.32,32.59,17.92,1.01,24.17
2022-08-22,25.39,32.92,18.26,0.78,21.06
2022-08-23,25.49,33.58,18.44,0.06,24.7
2022-08-24,24.51,32.1,18.36,0.19,20.79
2022-08-25,22.5,28.46,17.31,0.66,20.1
2022-08-26,22.42,29.17,16.73,1.92,21.66
2022-08-27,22.88,29.51,16.4,0.27,22.78
2022-08-28,24.21,31.59,16.66,0.04,22.25
2022-08-29,24.84,33.45,17.28,0.0,24.44
2022-08-30,24.34,32.72,16.47,0.0,25.31
2022-08-31,24.17,32.18,17.92,0.0,25.21
2022-09-01,23.2,31.44,16.2,0.0,24.52
2022-09-02,23.33,31.9,15.29,0.03,24.45
2022-09-03,23.71,31.22,16.0,0.0,23.04
2022-09-04,21.89,28.83,16.55,0.0,22.94
2022-09-05,20.02,26.6,14.37,3.25,20.87
2022-09-06,17.44,23.81,13.35,0.27,18.05
2022-09-07,15.55,22.45,10.02,0.0,24.17
2022-09-08,16.3,24.19,8.29,0.0,24.9
2022-09-09,19.42,26.93,12.01,0.0,24.45
2022-09-10,22.82,30.17,15.68,0.0,23.84
2022-09-11,23.06,30.89,17.12,0.0,23.36
2022-09-12,21.81,29.37,15.76,0.0,19.46
2022-09-13,17.53,24.49,12.35,0.0,21.07
2022-09-14,16.67,25.02,9.18,0.0,23.05
2022-09-15,20.71,28.55,12.68,0.0,22.92
2022-09-16,24.41,32.09,17.0,0.0,22.2
2022-09-17,24.43,32.61,17.13,0.0,21.98
2022-09-18,23.51,31.42,16.23,0.0,21.84
2022-09-19,19.54,26.85,14.26,0.0,16.99
2022-09-20,18.98,27.3,12.02,0.0,19.66
2022-09-21,14.84,22.33,9.52,0.17,18.94
2022-09-22,12.77,20.51,7.55,0.76,17.51
2022-09-23,11.84,19.48,5.68,0.13,20.08
2022-09-24,11.94,19.1,5.91,0.02,21.3
2022-09-25,15.98,24.31,7.85,0.0,21.8
2022-09-26,18.82,27.07,11.71,0.0,21.52
2022-09-27,17.93,26.3,10.83,0.0,20.2
2022-09-28,18.17,23.98,12.64,0.26,15.26
2022-09-29,19.05,25.56,13.96,0.07,16.77
2022-09-30,21.15,27.79,14.41,0.0,17.67
2022-10-01,21.6,28.63,15.51,0.0,19.61
2022-10-02,20.98,30.3,12.02,0.02,14.85
2022-10-03,14.45,22.05,8.13,0.0,19.38
2022-10-04,13.84,21.7,7.14,0.0,16.31
2022-10-05,11.84,16.8,8.2,0.0,11.02
2022-10-06,12.92,17.67,8.57,0.02,12.04
2022-10-07,9.47,13.8,6.37,2.2,5.74
2022-10-08,10.78,14.99,7.7,2.8,8.81
2022-10-09,12.15,18.41,8.14,0.02,9.15
2022-10-10,12.52,19.02,8.45,0.0,14.69
2022-10-11,14.29,22.39,7.63,0.0,17.65
2022-10-12,14.84,21.46,10.11,0.03,11.67
2022-10-13,13.66,20.64,7.44,0.0,16.63
2022-10-14,13.09,18.18,8.66,1.39,9.19
2022-10-15,14.45,19.28,9.83,3.69,11.35
2022-10-16,11.51,13.59,9.65,12.1,5.35
2022-10-17,11.92,16.34,9.42,1.82,3.58
2022-10-18,12.05,17.93,9.14,0.54,6.33
2022-10-19,13.25,19.31,8.09,0.36,12.59
2022-10-20,11.7,16.78,6.92,0.3,8.28
2022-10-21,7.77,13.21,2.4,0.0,12.61
2022-10-22,5.55,13.68,-1.16,0.0,17.52
2022-10-23,9.95,19.26,1.31,0.0,15.47
2022-10-24,10.82,18.06,4.71,0.0,15.92
2022-10-25,10.86,18.32,5.36,0.0,16.02
2022-10-26,11.55,19.1,6.33,0.0,15.55
2022-10-27,9.88,16.48,4.94,0.0,14.84
2022-10-28,8.21,15.33,3.26,0.0,15.16
2022-10-29,6.51,13.64,0.78,0.0,15.65
2022-10-30,7.95,16.87,1.18,0.0,15.15
2022-10-31,10.05,18.68,5.23,0.0,14.08
2022-11-01,8.16,15.42,3.26,0.0,14.73
2022-11-02,8.69,16.04,2.15,0.0,14.88
2022-11-03,10.66,18.34,5.2,0.0,14.09
2022-11-04,11.05,18.0,5.0,0.0,12.85
2022-11-05,12.26,19.33,6.75,0.0,13.94
2022-11-06,11.01,18.47,6.13,0.0,13.02
2022-11-07,8.65,13.3,5.22,0.77,8.6
2022-11-08,7.67,12.16,4.21,0.0,8.85
2022-11-09,6.03,12.9,0.6,0.08,9.27
2022-11-10,6.59,13.18,1.67,0.0,13.0
2022-11-11,6.8,13.69,2.99,0.0,12.77
2022-11-12,6.67,15.21,0.23,0.0,12.39
2022-11-13,5.81,12.57,1.3,0.0,12.91
2022-11-14,5.36,12.47,0.34,0.0,13.01
2022-11-15,5.76,13.7,-0.77,0.0,11.9
2022-11-16,6.11,13.77,0.6,0.0,11.95
2022-11-17,6.9,13.49,1.33,0.04,10.15
2022-11-18,8.9,12.63,5.84,0.1,5.97
2022-11-19,10.38,16.57,7.47,0.32,8.9
2022-11-20,10.36,15.3,7.23,0.0,6.51
2022-11-21,10.29,14.94,7.48,0.85,5.53
2022-11-22,8.57,13.21,3.78,1.26,8.92
2022-11-23,8.11,13.09,3.49,0.37,8.98
2022-11-24,6.78,10.1,3.48,7.99,4.24
2022-11-25,4.48,7.84,2.31,0.82,5.28
2022-11-26,2.31,6.83,-1.1,0.0,5.88
2022-11-27,2.5,9.24,-1.62,0.0,10.69
2022-11-28,3.45,8.9,-0.81,0.0,8.27
2022-11-29,7.02,13.86,1.87,0.41,7.78
2022-11-30,7.9,14.1,4.37,0.21,9.08
2022-12-01,7.43,12.53,4.69,1.23,7.17
2022-12-02,7.35,12.31,4.62,0.64,9.09
2022-12-03,4.82,10.1,2.36,0.0,8.42
2022-12-04,5.17,11.83,1.51,0.0,9.45
2022-12-05,4.03,9.86,0.61,0.0,9.6
2022-12-06,3.14,10.03,-1.67,0.0,9.14
2022-12-07,4.96,10.71,0.94,0.02,8.78
2022-12-08,6.39,11.99,2.82,0.0,9.82
2022-12-09,6.61,12.28,3.09,0.02,8.51
2022-12-10,6.62,12.34,2.44,0.21,5.75
2022-12-11,8.45,10.49,6.42,3.1,2.84
2022-12-12,8.23,10.59,5.75,1.49,5.08
2022-12-13,7.65,12.62,4.22,1.35,6.75
2022-12-14,5.38,9.88,2.39,6.61,5.82
2022-12-15,7.04,13.53,2.74,0.38,7.3
2022-12-16,8.78,14.54,5.45,0.0,8.33
2022-12-17,9.36,16.11,5.96,0.0,8.71
2022-12-18,9.59,17.59,3.81,0.0,9.64
2022-12-19,3.93,7.51,0.1,0.06,4.07
2022-12-20,-1.37,3.09,-5.57,0.13,5.39
2022-12-21,-2.44,3.35,-5.83,0.0,8.14
2022-12-22,1.21,9.13,-3.4,0.0,6.28
2022-12-23,2.87,8.68,-0.21,0.0,6.24
2022-12-24,2.83,7.97,-0.25,0.0,3.76
2022-12-25,1.44,5.91,-0.87,0.2,5.81
2022-12-26,0.48,5.49,-2.46,0.09,8.32
2022-12-27,2.76,10.81,-2.75,0.0,10.4
2022-12-28,3.16,8.93,-0.51,0.0,7.78
2022-12-29,3.46,9.71,-0.01,0.0,9.96
2022-12-30,3.51,10.36,-1.06,0.0,10.42
2022-12-31,2.75,8.92,-0.47,0.0,6.67
2023-01-01,0.75,7.37,-2.99,0.0,10.42
2023-01-02,0.69,8.67,-3.84,0.0,11.0
2023-01-03,2.53,9.89,-0.83,0.0,11.06
2023-01-04,1.62,8.58,-2.02,0.0,10.74
2023-01-05,1.38,8.18,-3.27,0.0,9.34
2023-01-06,1.8,7.57,-1.68,0.0,9.88
2023-01-07,0.72,5.75,-2.07,0.0,10.1
2023-01-08,-0.51,5.24,-4.13,0.0,7.23
2023-01-09,-0.26,6.8,-4.57,0.0,10.03
2023-01-10,2.03,8.1,-2.36,0.69,8.62
2023-01-11,5.03,7.87,2.78,12.8,3.01
2023-01-12,2.73,5.68,0.33,8.27,3.66
2023-01-13,2.48,6.11,0.18,2.27,6.49
2023-01-14,2.58,8.11,-0.35,0.0,10.51
2023-01-15,2.93,8.53,-0.21,0.0,10.11
2023-01-16,2.76,9.33,-1.49,0.04,11.1
2023-01-17,3.78,9.69,-1.35,0.01,10.83
2023-01-18,4.73,10.1,1.85,0.03,10.9
2023-01-19,5.63,13.02,0.62,0.0,12.05
2023-01-20,3.82,11.7,-2.45,0.0,12.36
2023-01-21,5.22,11.4,1.01,0.0,11.86
2023-01-22,4.87,11.64,0.63,0.0,11.32
2023-01-23,4.65,10.66,1.6,0.0,11.78
2023-01-24,4.2,10.08,1.08,0.0,12.41
2023-01-25,0.81,6.92,-2.92,0.0,6.3
2023-01-26,2.41,10.82,-3.3,0.06,9.19
2023-01-27,4.84,11.31,0.28,11.76,6.47
2023-01-28,3.01,7.63,0.13,1.05,8.63
2023-01-29,1.11,4.79,-3.89,0.17,8.56
2023-01-30,-1.07,3.75,-4.47,0.88,6.38
2023-01-31,-2.0,1.24,-4.47,1.55,6.93
2023-02-01,-3.45,-1.13,-5.53,0.31,6.4
2023-02-02,-2.45,2.55,-5.85,0.07,10.82
2023-02-03,-0.57,4.25,-4.08,4.19,8.53
2023-02-04,-2.7,0.8,-5.95,0.09,6.02
2023-02-05,-2.28,1.3,-4.83,2.99,5.41
2023-02-06,-3.29,-1.4,-4.6,3.44,2.71
2023-02-07,-5.21,-3.11,-7.79,0.61,4.83
2023-02-08,-7.35,-3.29,-11.13,0.11,9.63
2023-02-09,-5.83,-1.57,-8.87,0.06,8.1
2023-02-10,-6.06,-2.01,-9.12,0.23,7.21
2023-02-11,-6.69,-1.02,-11.19,0.0,6.84
2023-02-12,-5.8,1.43,-11.91,0.0,9.61
2023-02-13,-5.01,0.68,-10.73,0.0,10.73
2023-02-14,-3.7,2.93,-9.22,0.0,13.38
2023-02-15,-3.51,0.79,-7.39,0.05,10.25
2023-02-16,-3.27,1.5,-7.11,0.0,10.46
2023-02-17,-0.32,7.56,-7.16,0.0,11.06
2023-02-18,2.02,9.56,-2.57,0.0,14.95
2023-02-19,3.93,12.13,-1.46,0.0,14.46
2023-02-20,2.66,8.87,-1.22,0.38,8.86
2023-02-21,3.91,11.76,-2.49,0.0,15.12
2023-02-22,5.52,13.43,-0.59,0.0,15.8
2023-02-23,5.15,12.06,0.41,0.0,15.7
2023-02-24,5.93,11.68,1.17,0.0,14.56
2023-02-25,4.87,12.27,0.6,0.0,13.99
2023-02-26,4.73,12.47,-0.04,0.0,14.32
2023-02-27,7.5,17.23,0.65,0.0,10.73
2023-02-28,7.81,13.95,3.78,0.0,10.96
2023-03-01,10.39,18.89,3.49,0.0,13.9
2023-03-02,10.2,17.22,5.7,0.0,13.9
2023-03-03,9.42,16.08,4.87,0.07,15.95
2023-03-04,6.1,12.92,1.54,0.24,10.27
2023-03-05,5.64,11.21,0.88,11.2,3.28
2023-03-06,3.46,8.19,-0.52,0.21,11.77
2023-03-07,4.09,8.84,-0.41,0.0,14.39
2023-03-08,6.36,11.63,2.18,0.0,15.37
2023-03-09,7.55,13.25,2.02,0.0,17.16
2023-03-10,8.31,14.38,3.68,0.06,17.49
2023-03-11,8.09,12.23,5.97,3.31,10.8
2023-03-12,6.59,8.6,4.62,12.29,4.17
2023-03-13,2.67,4.61,0.45,3.96,3.74
2023-03-14,3.31,9.89,-1.93,0.18,9.69
2023-03-15,6.24,14.47,-0.73,0.03,18.74
2023-03-16,5.93,10.16,2.64,2.94,11.81
2023-03-17,3.99,7.91,1.11,7.83,8.39
2023-03-18,3.17,7.91,-0.19,0.65,7.61
2023-03-19,2.39,5.74,-0.84,1.26,5.59
2023-03-20,4.99,12.24,-0.16,0.1,20.79
2023-03-21,7.18,15.12,0.04,0.0,20.71
2023-03-22,7.74,14.65,2.93,4.63,8.83
2023-03-23,6.87,11.69,3.12,0.54,14.26
2023-03-24,6.78,14.04,1.6,0.21,16.42
2023-03-25,8.96,15.88,3.2,0.0,22.53
2023-03-26,9.65,16.91,2.71,0.51,19.12
2023-03-27,10.64,18.52,3.87,0.06,22.9
2023-03-28,8.32,12.34,3.88,5.77,15.23
2023-03-29,-0.51,3.83,-5.76,7.42,8.94
2023-03-30,-3.58,1.71,-7.74,0.04,17.58
2023-03-31,1.18,9.36,-7.16,0.0,22.63
2023-04-01,7.78,15.39,-0.25,0.0,19.96
2023-04-02,9.52,14.76,5.52,0.03,10.92
2023-04-03,10.62,18.52,3.62,0.01,19.76
2023-04-04,10.33,17.46,5.11,5.85,15.08
2023-04-05,8.25,12.93,3.82,3.39,15.81
2023-04-06,5.87,10.63,1.44,3.29,17.16
2023-04-07,5.06,9.16,1.44,1.94,15.91
2023-04-08,7.35,13.93,0.2,0.0,19.05
2023-04-09,10.3,16.39,4.72,1.62,15.57
2023-04-10,6.62,12.69,2.12,9.83,3.95
2023-04-11,5.39,10.74,1.33,2.89,14.66
2023-04-12,4.86,10.32,0.27,1.52,16.84
2023-04-13,6.84,12.62,1.93,0.19,17.12
2023-04-14,10.01,18.2,1.39,0.0,25.38
2023-04-15,12.45,19.82,3.68,0.02,22.1
2023-04-16,13.82,18.64,7.77,0.4,17.86
2023-04-17,13.51,20.35,8.19,0.05,17.75
2023-04-18,11.75,17.62,6.96,1.68,14.37
2023-04-19,11.98,18.31,6.49,1.07,19.56
2023-04-20,7.92,11.63,5.55,8.8,15.15
2023-04-21,8.98,13.84,5.4,0.72,17.68
2023-04-22,9.69,14.4,3.86,2.36,19.65
2023-04-23,8.82,12.7,5.14,3.02,13.6
2023-04-24,10.25,16.68,4.51,0.0,22.79
2023-04-25,11.4,17.58,6.04,0.19,20.85
2023-04-26,10.28,15.2,6.83,0.53,17.29
2023-04-27,8.74,13.1,3.09,9.2,9.48
2023-04-28,4.75,10.02,-0.02,0.32,11.75
2023-04-29,3.88,10.26,-0.74,0.0,14.58
2023-04-30,6.25,14.3,-1.73,0.0,21.55
2023-05-01,9.27,16.43,1.67,0.0,28.2
2023-05-02,10.67,18.28,2.85,0.0,29.38
2023-05-03,14.38,22.0,6.93,0.06,26.42
2023-05-04,13.89,19.86,8.83,12.77,17.34
2023-05-05,14.19,21.38,8.29,2.03,11.23
2023-05-06,12.49,17.63,7.68,4.16,18.0
2023-05-07,10.45,15.57,5.85,0.89,16.01
2023-05-08,12.18,18.32,6.17,0.02,22.41
2023-05-09,14.36,20.17,8.17,2.04,22.57
2023-05-10,12.97,18.25,8.12,0.32,19.16
2023-05-11,14.04,20.61,8.13,8.57,15.0
2023-05-12,12.38,16.1,9.4,17.0,14.44
2023-05-13,12.38,19.57,7.46,0.02,22.18
2023-05-14,13.54,21.04,6.51,0.0,27.65
2023-05-15,15.57,22.56,8.06,0.0,26.17
2023-05-16,19.66,26.37,12.9,0.17,28.27
2023-05-17,17.57,22.5,14.19,7.13,18.3
2023-05-18,13.81,17.42,8.76,8.04,16.96
2023-05-19,10.84,14.88,7.1,7.11,14.68
2023-05-20,11.6,16.49,6.82,2.83,19.07
2023-05-21,14.04,18.89,8.89,5.74,22.92
2023-05-22,12.09,15.87,10.12,2.73,13.83
2023-05-23,12.49,15.82,9.89,26.71,15.03
2023-05-24,12.77,15.96,8.95,11.0,19.94
2023-05-25,14.32,18.32,10.13,3.84,21.89
2023-05-26,15.2,19.08,10.27,2.77,20.66
2023-05-27,17.12,24.12,12.28,1.07,21.63
2023-05-28,14.13,17.65,10.55,4.9,19.78
2023-05-29,14.15,18.99,10.14,6.86,14.99
2023-05-30,13.68,17.2,10.43,8.97,13.07
2023-05-31,14.31,18.74,10.45,5.09,19.82
2023-06-01,15.82,19.96,10.66,0.85,21.26
2023-06-02,15.54,19.85,12.13,0.92,20.25
2023-06-03,16.02,19.95,12.96,8.12,17.13
2023-06-04,14.05,17.36,11.36,11.61,16.16
2023-06-05,13.76,17.8,10.75,1.33,14.25
2023-06-06,15.36,20.66,10.28,0.14,22.25
2023-06-07,17.38,23.74,11.07,0.0,30.91
2023-06-08,18.95,24.28,12.89,3.64,27.24
2023-06-09,18.13,21.91,14.04,4.43,24.22
2023-06-10,17.53,21.76,12.46,0.64,27.07
2023-06-11,17.23,20.51,14.71,4.61,13.89
2023-06-12,15.83,18.25,13.55,3.13,20.54
2023-06-13,15.57,18.5,12.04,1.72,16.99
2023-06-14,15.47,18.32,12.47,2.64,17.9
2023-06-15,17.68,23.72,9.78,0.0,29.66
2023-06-16,20.34,26.2,14.08,0.25,24.32
2023-06-17,17.84,23.85,13.03,2.59,27.2
2023-06-18,16.99,21.64,11.54,7.21,21.72
2023-06-19,16.22,19.71,12.54,9.57,16.15
2023-06-20,16.11,21.3,11.34,0.03,25.97
2023-06-21,16.29,21.48,11.98,0.36,21.72
2023-06-22,16.24,21.95,10.39,0.0,26.89
2023-06-23,16.85,23.18,9.84,0.0,31.39
2023-06-24,18.78,25.31,10.38,0.0,26.99
2023-06-25,21.92,27.51,15.63,0.0,31.83
2023-06-26,20.08,25.27,14.02,1.51,27.35
2023-06-27,19.06,25.05,12.41,0.47,28.72
2023-06-28,21.54,27.9,14.82,1.74,25.76
2023-06-29,20.36,26.91,14.74,0.1,29.77
2023-06-30,18.61,24.94,13.02,0.0,26.92
2023-07-01,19.74,27.29,10.72,0.0,31.71
2023-07-02,22.22,29.19,15.3,0.0,30.77
2023-07-03,24.36,30.5,17.96,3.34,27.3
2023-07-04,24.03,29.67,19.28,0.12,29.19
2023-07-05,24.17,30.76,17.03,0.19,29.36
2023-07-06,23.15,30.15,16.52,1.73,30.21
2023-07-07,21.28,25.99,16.63,1.93,26.3
2023-07-08,19.33,25.76,14.25,1.11,23.22
2023-07-09,16.84,22.32,12.07,0.02,14.48
2023-07-10,17.05,23.79,11.3,0.0,21.91
2023-07-11,17.29,24.17,9.61,0.0,30.67
2023-07-12,20.08,27.59,11.37,0.0,29.89
2023-07-13,21.85,29.67,13.79,0.0,30.53
2023-07-14,22.83,30.63,14.62,0.0,30.65
2023-07-15,22.95,30.65,15.46,0.0,29.95
2023-07-16,20.9,28.87,12.94,0.0,31.01
2023-07-17,21.04,28.68,13.39,0.0,31.02
2023-07-18,21.15,29.15,13.12,0.0,31.11
2023-07-19,20.57,28.84,11.65,0.0,30.96
2023-07-20,22.24,29.68,13.05,0.0,30.38
2023-07-21,24.04,31.34,15.65,0.0,29.13
2023-07-22,23.53,31.12,16.05,0.0,29.57
2023-07-23,24.68,32.21,16.61,0.0,29.48
2023-07-24,21.87,28.32,15.52,0.0,27.12
2023-07-25,21.0,28.74,12.92,0.0,30.3
2023-07-26,24.72,32.51,15.68,0.0,29.1
2023-07-27,26.85,35.04,18.86,0.0,26.47
2023-07-28,20.01,26.8,14.04,0.0,29.96
2023-07-29,21.19,29.05,12.71,0.0,29.54
2023-07-30,21.39,29.29,13.01,0.0,29.41
2023-07-31,23.35,30.84,14.57,0.0,29.13
2023-08-01,24.57,32.54,15.6,1.94,24.59
2023-08-02,25.02,32.35,18.05,0.04,27.66
2023-08-03,25.34,33.39,16.38,0.0,28.37
2023-08-04,25.72,32.88,17.1,0.0,28.62
2023-08-05,28.11,34.82,21.27,0.0,28.65
2023-08-06,27.21,34.89,19.82,0.57,27.34
2023-08-07,25.23,33.54,18.06,4.09,27.99
2023-08-08,25.78,35.01,17.37,0.0,27.37
2023-08-09,25.67,33.5,17.35,0.0,25.22
2023-08-10,25.78,34.14,17.68,0.0,26.33
2023-08-11,23.51,31.11,17.59,0.0,23.53
2023-08-12,24.59,33.37,16.47,0.0,25.3
2023-08-13,27.53,36.74,17.19,0.0,26.43
2023-08-14,30.1,38.36,20.8,0.1,22.83
2023-08-15,30.87,38.71,22.73,0.0,23.95
2023-08-16,30.81,37.88,23.08,0.0,24.54
2023-08-17,30.53,37.66,22.94,0.03,24.1
2023-08-18,30.57,37.89,24.4,0.0,25.39
2023-08-19,29.43,37.2,21.75,0.0,25.52
2023-08-20,27.21,34.77,20.3,0.0,26.11
2023-08-21,24.95,33.45,17.18,0.0,25.68
2023-08-22,24.81,32.78,17.78,0.0,25.63
2023-08-23,24.64,32.1,16.58,0.0,26.11
2023-08-24,26.21,33.09,20.18,0.0,24.83
2023-08-25,25.32,32.7,19.11,0.03,23.89
2023-08-26,23.94,31.86,16.9,0.0,25.49
2023-08-27,23.61,31.01,15.67,0.1,24.06
2023-08-28,22.36,29.77,16.56,0.38,23.73
2023-08-29,23.18,30.42,15.07,0.0,24.86
2023-08-30,25.16,32.74,17.17,0.0,24.61
2023-08-31,24.43,32.11,17.93,0.0,24.05
2023-09-01,23.27,30.66,15.3,0.0,22.95
2023-09-02,22.12,29.38,16.79,0.77,17.5
2023-09-03,19.54,24.82,15.07,0.36,12.85
2023-09-04,19.38,24.92,14.8,1.56,14.15
2023-09-05,21.92,29.28,15.46,0.04,21.48
2023-09-06,23.97,31.26,15.77,0.0,22.77
2023-09-07,23.23,29.62,16.46,1.47,22.23
2023-09-08,21.44,27.37,16.5,5.29,19.18
2023-09-09,20.62,27.15,14.89,5.25,22.01
2023-09-10,18.9,25.22,12.83,0.22,22.43
2023-09-11,16.78,23.54,11.03,0.0,23.88
2023-09-12,16.34,23.53,9.42,0.0,24.15
2023-09-13,16.64,23.87,9.73,0.0,23.82
2023-09-14,17.69,24.54,11.8,0.0,23.86
2023-09-15,18.52,25.73,12.14,0.0,23.23
2023-09-16,18.0,26.14,9.94,0.0,22.7
2023-09-17,17.17,24.39,10.49,0.0,22.08
2023-09-18,15.97,23.78,8.95,0.0,22.45
2023-09-19,15.83,23.88,8.37,0.0,22.41
2023-09-20,18.24,26.0,9.91,0.0,22.32
2023-09-21,19.37,27.96,10.87,0.0,21.99
2023-09-22,19.97,28.4,13.47,0.0,21.12
2023-09-23,19.84,27.69,13.04,0.0,20.93
2023-09-24,20.65,28.71,12.6,0.0,20.6
2023-09-25,22.13,29.66,15.48,0.0,20.3
2023-09-26,21.51,28.47,16.2,0.02,19.27
2023-09-27,21.58,28.72,15.21,0.96,17.31
2023-09-28,20.45,26.16,15.23,0.93,15.52
2023-09-29,18.52,24.07,14.26,0.9,14.77
2023-09-30,16.89,21.71,13.28,5.81,9.15
2023-10-01,13.9,15.5,11.69,2.39,10.99
2023-10-02,14.08,17.52,11.47,0.46,7.32
2023-10-03,13.71,18.39,10.18,0.05,10.95
2023-10-04,13.41,21.07,7.07,0.0,19.05
2023-10-05,14.64,22.72,8.75,0.0,18.87
2023-10-06,14.81,22.51,9.07,0.0,18.25
2023-10-07,13.79,20.83,7.62,0.0,16.08
2023-10-08,16.01,24.33,9.36,0.0,17.95
2023-10-09,13.89,20.84,8.31,0.0,15.35
2023-10-10,13.23,21.24,7.58,0.0,17.27
2023-10-11,11.31,18.35,7.15,0.0,16.92
2023-10-12,10.68,19.52,4.61,0.0,18.33
2023-10-13,14.61,22.29,8.24,0.0,17.85
2023-10-14,15.85,23.26,9.33,0.26,16.28
2023-10-15,14.59,19.27,10.75,1.38,12.7
2023-10-16,13.81,21.22,7.95,0.0,17.04
2023-10-17,14.27,21.77,8.78,0.0,15.32
2023-10-18,11.72,15.91,7.94,2.57,4.8
2023-10-19,11.43,18.3,6.47,0.04,14.32
2023-10-20,13.98,21.96,6.79,0.0,16.42
2023-10-21,16.49,24.62,9.56,0.0,15.82
2023-10-22,17.99,24.98,12.18,0.0,15.28
2023-10-23,17.77,24.38,11.85,0.0,15.04
2023-10-24,18.02,24.92,11.99,0.0,14.98
2023-10-25,16.85,25.05,10.05,0.0,12.66
2023-10-26,15.6,21.09,11.6,0.0,11.31
2023-10-27,15.99,23.17,9.6,0.0,14.09
2023-10-28,15.79,23.21,9.26,0.0,13.21
2023-10-29,16.54,22.14,11.58,0.0,13.55
2023-10-30,16.7,23.15,12.53,0.0,11.95
2023-10-31,16.57,22.13,12.52,1.39,11.52
2023-11-01,15.18,20.99,9.99,0.4,12.12
2023-11-02,12.91,17.75,9.14,1.51,5.89
2023-11-03,13.59,20.18,8.7,0.23,12.71
2023-11-04,15.33,23.05,10.58,0.0,13.24
2023-11-05,14.74,20.53,10.6,0.03,10.31
2023-11-06,14.22,20.25,10.83,0.03,11.91
2023-11-07,14.08,20.85,9.4,0.0,13.33
2023-11-08,14.87,21.47,9.55,0.0,13.17
2023-11-09,13.06,19.45,9.03,0.09,11.55
2023-11-10,12.17,18.04,7.81,0.07,10.85
2023-11-11,12.68,17.8,8.88,0.05,9.61
2023-11-12,12.26,17.11,8.5,2.48,6.4
2023-11-13,11.52,15.82,8.21,6.13,5.37
2023-11-14,8.05,11.57,5.62,1.17,8.88
2023-11-15,9.46,18.65,2.0,0.0,12.39
2023-11-16,7.89,15.73,1.84,6.86,4.64
2023-11-17,6.55,15.38,0.87,0.0,12.38
2023-11-18,7.28,13.47,1.38,12.27,5.66
2023-11-19,0.6,3.57,-1.92,1.86,4.83
2023-11-20,0.87,7.35,-4.62,0.0,10.65
2023-11-21,4.64,11.32,-1.24,0.0,11.94
2023-11-22,6.98,11.76,4.35,0.11,7.7
2023-11-23,8.5,14.3,4.53,0.4,8.3
2023-11-24,8.81,15.38,3.34,0.69,9.65
2023-11-25,9.15,12.41,3.2,10.64,4.73
2023-11-26,6.91,12.27,0.51,13.24,4.48
2023-11-27,-1.6,1.88,-4.97,0.63,7.1
2023-11-28,0.41,6.8,-5.18,0.19,11.06
2023-11-29,5.64,8.21,2.17,0.85,3.57
2023-11-30,7.92,12.69,4.96,0.37,6.4
2023-12-01,7.99,14.36,4.57,0.0,9.86
2023-12-02,8.47,16.01,3.72,0.0,8.12
2023-12-03,8.49,13.91,5.02,0.0,7.08
2023-12-04,8.32,13.03,4.48,0.0,8.2
2023-12-05,7.13,14.02,2.38,0.0,9.44
2023-12-06,5.77,8.83,3.66,3.13,5.62
2023-12-07,6.25,9.79,3.46,0.64,4.38
2023-12-08,3.97,5.69,1.22,5.01,3.76
2023-12-09,3.03,7.43,0.27,4.45,5.4
2023-12-10,3.73,8.64,-0.75,0.09,8.59
2023-12-11,4.98,8.16,2.65,2.91,2.97
2023-12-12,3.75,7.75,0.64,0.17,7.22
2023-12-13,2.67,8.57,-1.05,0.0,10.18
2023-12-14,6.24,13.65,0.72,0.0,8.75
2023-12-15,8.14,13.58,5.82,0.02,5.89
2023-12-16,8.94,13.78,5.77,3.23,4.15
2023-12-17,2.59,6.59,-3.27,0.86,4.91
2023-12-18,-0.59,6.55,-4.93,0.0,10.53
2023-12-19,2.26,9.47,-1.79,0.0,10.42
2023-12-20,3.57,12.0,-0.99,0.07,10.46
2023-12-21,3.95,7.63,1.8,7.74,2.53
2023-12-22,5.14,8.6,3.06,1.95,6.36
2023-12-23,3.98,9.43,-1.04,1.76,9.36
2023-12-24,3.49,8.28,1.04,0.11,7.85
2023-12-25,4.73,13.02,-0.2,0.0,10.17
2023-12-26,6.68,15.09,1.07,0.0,10.17
2023-12-27,4.95,10.45,2.25,0.0,10.18
2023-12-28,4.28,8.99,0.58,0.0,9.85
2023-12-29,4.67,13.26,-1.55,0.0,10.58
2023-12-30,5.53,12.73,0.44,0.0,9.72
2023-12-31,5.32,9.79,1.99,0.0,7.68
2024-01-01,4.64,8.86,0.68,0.63,5.79
2024-01-02,5.9,10.08,3.47,1.38,5.8
2024-01-03,5.82,10.79,2.93,0.05,8.53
2024-01-04,6.79,10.31,4.24,0.38,5.57
2024-01-05,6.08,9.96,1.19,1.06,9.48
2024-01-06,5.02,13.0,-0.91,0.06,10.16
2024-01-07,8.04,11.41,4.09,3.28,4.76
2024-01-08,7.48,10.75,4.18,0.9,5.91
2024-01-09,5.68,7.7,3.54,10.35,3.05
2024-01-10,2.48,4.73,-0.47,1.31,4.13
2024-01-11,0.8,6.57,-2.77,0.01,6.32
2024-01-12,-0.32,5.2,-4.95,0.0,7.43
2024-01-13,-4.08,0.19,-6.06,0.0,7.05
2024-01-14,-1.8,4.35,-5.98,0.0,11.87
2024-01-15,1.55,6.22,-2.32,0.12,7.03
2024-01-16,4.38,7.52,1.84,4.19,3.5
2024-01-17,5.07,10.06,1.16,0.38,9.82
2024-01-18,4.38,8.37,-0.21,0.15,6.3
2024-01-19,7.22,11.86,4.11,0.46,7.76
2024-01-20,6.46,9.95,3.59,0.78,5.96
2024-01-21,2.75,6.12,-0.79,8.85,2.35
2024-01-22,-1.9,2.03,-5.04,0.0,6.42
2024-01-23,-3.22,2.52,-6.21,0.0,8.16
2024-01-24,-3.5,2.0,-6.67,0.0,12.24
2024-01-25,-0.54,4.27,-4.88,0.05,9.51
2024-01-26,-1.1,2.02,-3.03,0.34,6.22
2024-01-27,-1.42,1.91,-4.12,0.06,10.23
2024-01-28,-2.18,0.27,-4.51,0.24,6.47
2024-01-29,-3.55,-1.38,-5.24,0.44,6.14
2024-01-30,-2.57,1.61,-4.59,0.0,6.16
2024-01-31,-1.98,3.22,-4.94,0.0,8.89
2024-02-01,-1.62,3.7,-4.71,0.0,13.24
2024-02-02,0.51,6.94,-3.44,0.0,13.52
2024-02-03,-0.2,4.8,-3.01,0.0,9.52
2024-02-04,0.95,6.28,-2.58,0.0,12.46
2024-02-05,2.13,7.94,-1.2,0.0,11.36
2024-02-06,4.98,12.77,0.33,0.0,14.13
2024-02-07,5.93,14.56,-0.57,0.0,14.6
2024-02-08,5.86,9.68,3.37,0.04,9.85
2024-02-09,4.96,9.76,0.94,0.15,12.31
2024-02-10,5.19,12.84,0.03,0.0,14.06
2024-02-11,5.99,12.06,2.18,0.0,10.78
2024-02-12,6.45,11.63,3.6,1.17,7.98
2024-02-13,4.41,7.03,0.94,12.12,3.17
2024-02-14,2.57,5.31,0.97,11.97,4.5
2024-02-15,3.39,7.98,-0.37,0.66,8.92
2024-02-16,2.87,8.89,-1.49,0.0,7.75
2024-02-17,1.98,7.9,-2.37,0.0,6.3
2024-02-18,1.25,6.02,-2.91,0.0,9.15
2024-02-19,0.84,6.65,-3.06,0.0,13.36
2024-02-20,3.0,9.51,-2.01,0.0,16.06
2024-02-21,3.94,9.25,-0.4,0.04,10.49
2024-02-22,3.72,8.9,0.11,0.0,10.85
2024-02-23,5.13,11.97,-1.65,0.0,16.95
2024-02-24,7.03,12.82,1.7,0.0,16.07
2024-02-25,7.75,13.95,2.1,0.0,16.33
2024-02-26,5.41,10.36,1.67,0.12,8.07
2024-02-27,6.99,12.43,1.63,0.0,15.79
2024-02-28,9.14,15.59,3.29,0.0,16.97
2024-02-29,9.54,16.83,3.4,0.0,17.74
2024-03-01,9.32,17.43,4.38,0.0,14.59
2024-03-02,7.13,14.27,1.99,0.11,15.58
2024-03-03,6.43,12.92,2.13,0.02,13.62
2024-03-04,6.86,12.63,2.37,0.04,15.45
2024-03-05,5.58,12.73,1.42,5.65,11.2
2024-03-06,4.0,8.6,0.09,2.75,8.66
2024-03-07,4.44,10.45,-0.49,0.0,17.01
2024-03-08,3.64,7.35,0.42,3.81,12.02
2024-03-09,2.0,7.14,-2.0,1.17,11.31
2024-03-10,2.97,9.22,-2.73,0.0,18.19
2024-03-11,7.23,14.93,0.73,0.0,19.94
2024-03-12,7.16,16.3,-0.15,0.0,19.79
2024-03-13,5.79,11.45,2.01,2.69,8.88
2024-03-14,5.96,10.65,2.02,0.6,17.3
2024-03-15,4.6,9.62,-0.48,3.35,13.27
2024-03-16,4.89,10.28,1.35,0.42,14.67
2024-03-17,5.89,11.01,0.35,0.0,15.32
2024-03-18,5.65,11.9,-0.12,0.0,19.19
2024-03-19,5.23,12.88,-2.54,0.0,22.44
2024-03-20,4.71,9.7,0.44,2.58,12.27
2024-03-21,1.4,7.03,-2.66,0.62,12.5
2024-03-22,-0.2,3.52,-3.13,1.94,11.02
2024-03-23,1.96,8.58,-3.7,0.02,17.79
2024-03-24,5.24,13.27,-1.49,0.0,23.78
2024-03-25,5.97,12.12,-1.1,8.48,13.89
2024-03-26,5.71,12.58,-2.23,0.33,20.97
2024-03-27,10.45,17.95,5.05,0.06,13.71
2024-03-28,12.27,20.42,3.96,0.01,19.69
2024-03-29,14.09,20.32,8.86,0.51,21.26
2024-03-30,14.81,22.49,7.93,0.0,23.73
2024-03-31,15.88,22.91,9.06,0.0,23.39
2024-04-01,16.24,23.21,8.9,0.0,23.38
2024-04-02,17.0,24.76,9.9,0.0,21.24
2024-04-03,15.85,24.11,9.11,0.0,22.54
2024-04-04,13.9,22.35,5.75,0.0,24.4
2024-04-05,10.6,17.08,4.49,0.0,24.73
2024-04-06,8.91,14.5,2.43,0.0,21.11
2024-04-07,9.11,14.74,2.97,0.01,23.15
2024-04-08,6.94,11.04,3.8,0.75,8.32
2024-04-09,10.81,16.77,4.39,0.01,17.66
2024-04-10,12.64,18.4,6.62,0.02,21.6
2024-04-11,13.12,19.51,6.65,0.0,19.71
2024-04-12,12.79,18.26,7.41,0.0,19.57
2024-04-13,12.51,18.69,7.97,0.0,19.79
2024-04-14,11.32,17.52,5.79,0.09,21.22
2024-04-15,12.63,20.49,4.26,0.0,27.13
2024-04-16,15.91,25.03,7.03,0.0,26.41
2024-04-17,15.17,23.08,8.98,0.0,20.58
2024-04-18,15.57,22.54,9.59,0.0,24.5
2024-04-19,14.66,21.62,9.76,0.09,26.19
2024-04-20,10.7,15.61,6.29,10.76,12.83
2024-04-21,11.76,18.9,5.86,0.01,27.58
2024-04-22,13.36,19.4,6.89,0.0,25.13
2024-04-23,18.01,26.1,10.71,0.0,20.72
2024-04-24,19.53,25.03,13.1,0.0,13.56
2024-04-25,19.45,25.73,13.36,0.01,14.94
2024-04-26,17.67,25.1,10.45,0.0,26.86
2024-04-27,16.94,26.42,8.16,0.04,20.73
2024-04-28,18.53,24.91,11.93,0.72,22.25
2024-04-29,15.7,22.55,10.35,1.15,18.72
2024-04-30,15.99,21.64,9.99,3.19,16.36
2024-05-01,15.46,20.99,11.0,6.78,13.4
2024-05-02,14.98,22.47,8.69,0.03,22.09
2024-05-03,13.02,19.63,6.52,0.13,20.69
2024-05-04,10.45,16.47,5.89,5.53,22.9
2024-05-05,8.85,13.45,3.96,2.74,14.98
2024-05-06,9.29,17.06,0.99,0.0,30.51
2024-05-07,12.32,20.92,2.81,0.0,30.86
2024-05-08,15.54,22.45,7.77,0.01,27.9
2024-05-09,15.68,21.1,11.88,0.02,16.74
2024-05-10,16.53,24.35,9.09,1.02,18.9
2024-05-11,12.43,17.77,7.59,2.92,13.83
2024-05-12,10.72,16.14,6.75,1.02,8.32
2024-05-13,10.88,16.79,4.93,3.26,17.23
2024-05-14,9.07,16.25,2.07,0.02,30.41
2024-05-15,13.22,21.06,5.32,0.09,27.7
2024-05-16,14.88,21.93,7.82,0.0,24.48
2024-05-17,17.09,23.25,10.73,0.0,21.23
2024-05-18,19.8,27.67,12.26,0.0,27.2
2024-05-19,18.64,23.87,12.9,0.06,15.7
2024-05-20,19.23,24.12,14.78,1.09,23.13
2024-05-21,19.38,27.49,11.19,0.01,29.01
2024-05-22,20.66,28.12,14.01,3.35,20.91
2024-05-23,18.33,25.06,12.52,1.51,21.77
2024-05-24,11.92,17.18,7.66,1.42,9.33
2024-05-25,14.32,20.37,6.76,0.56,28.45
2024-05-26,15.15,23.05,9.11,6.03,23.65
2024-05-27,14.32,19.24,10.67,3.04,15.73
2024-05-28,14.75,19.48,8.6,4.74,16.77
2024-05-29,16.7,22.38,9.86,9.14,25.0
2024-05-30,15.75,20.81,10.26,3.01,23.09
2024-05-31,17.23,22.38,11.34,0.08,26.51
2024-06-01,20.87,27.47,13.01,0.0,30.35
2024-06-02,22.55,29.65,15.38,0.0,29.08
2024-06-03,23.92,30.56,16.86,0.0,29.91
2024-06-04,25.34,30.99,18.9,0.19,28.45
2024-06-05,25.48,32.58,18.38,0.0,30.44
2024-06-06,24.66,31.88,18.09,0.35,27.64
2024-06-07,22.67,28.22,17.33,4.43,22.6
2024-06-08,19.93,24.23,15.01,2.54,21.27
2024-06-09,19.99,26.91,12.61,0.0,30.71
2024-06-10,22.34,29.26,15.73,0.0,31.4
2024-06-11,25.39,32.48,17.3,0.0,30.58
2024-06-12,27.18,34.3,19.58,0.0,30.0
2024-06-13,27.09,34.73,19.66,0.0,27.29
2024-06-14,26.92,33.92,20.22,1.53,24.54
2024-06-15,21.4,28.87,14.94,0.0,31.47
2024-06-16,21.77,31.0,12.57,0.0,31.47
2024-06-17,22.86,31.81,13.55,0.0,30.99
2024-06-18,24.0,32.65,14.44,3.02,29.56
2024-06-19,25.07,33.22,16.3,0.0,29.95
2024-06-20,25.52,32.85,17.91,0.0,30.08
2024-06-21,23.53,30.9,17.45,0.0,31.44
2024-06-22,23.14,31.43,15.04,0.0,31.93
2024-06-23,24.46,32.88,15.45,0.0,32.27
2024-06-24,28.17,35.62,20.41,0.04,31.3
2024-06-25,26.83,35.33,17.84,0.44,29.6
2024-06-26,23.43,31.12,16.53,0.0,31.23
2024-06-27,24.59,32.98,15.71,0.0,31.47
2024-06-28,26.83,34.62,18.98,0.68,27.32
2024-06-29,21.04,26.11,16.88,3.77,25.19
2024-06-30,20.78,27.43,14.77,0.01,30.5
2024-07-01,21.66,28.47,13.84,0.0,30.67
2024-07-02,23.38,30.84,14.15,0.0,31.1
2024-07-03,25.93,34.68,17.46,0.13,27.09
2024-07-04,23.55,30.28,16.91,2.83,28.32
2024-07-05,19.65,24.6,16.25,1.81,22.99
2024-07-06,21.26,28.16,14.31,0.0,26.91
2024-07-07,23.88,31.39,15.36,0.0,28.26
2024-07-08,24.91,32.42,16.34,0.07,29.42
2024-07-09,24.81,31.14,17.74,4.85,27.88
2024-07-10,23.62,29.64,17.64,14.68,25.97
2024-07-11,23.95,30.89,15.93,0.47,26.51
2024-07-12,25.29,32.39,17.9,0.99,27.42
2024-07-13,23.17,28.54,18.28,0.83,24.56
2024-07-14,22.21,27.45,17.67,3.64,24.62
2024-07-15,22.77,29.4,15.55,0.01,28.79
2024-07-16,24.37,31.03,16.24,1.42,26.78
2024-07-17,24.99,31.57,18.06,0.12,22.62
2024-07-18,25.33,32.01,17.44,0.0,28.65
2024-07-19,25.64,31.87,20.24,0.0,28.01
2024-07-20,24.96,31.65,17.72,0.0,28.46
2024-07-21,27.16,33.89,19.04,0.0,26.18
2024-07-22,28.14,34.65,21.57,0.0,27.36
2024-07-23,27.26,34.61,20.99,0.57,24.62
2024-07-24,25.3,30.8,18.64,0.85,23.25
2024-07-25,22.7,29.31,18.24,22.08,17.91
2024-07-26,21.0,26.61,16.32,0.05,21.18
2024-07-27,20.1,26.66,14.33,0.0,26.58
2024-07-28,21.55,29.63,13.72,0.0,26.85
2024-07-29,22.53,30.27,14.69,0.0,30.05
2024-07-30,22.23,29.66,14.1,0.0,28.79
2024-07-31,21.5,28.49,14.52,0.0,27.49
